1.0,11000.01.0,11007.01.0,11704.01.0,11708.01.0,11717.02.0,10892.02.0,10895.02.0,11707.02.0,11711.02.0,11714.03.0,3336.03.0,3361.03.0,10256.03.0,11293.03.0,12313.04.0,12363.04.0,12685.04.0,12690.04.0,12799.04.0,12800.05.0,11696.05.0,11697.05.0,11698.05.0,11714.05.0,11725.06.0,11016.06.0,11017.06.0,11695.06.0,11717.06.0,11724.07.0,3365.07.0,10957.07.0,11375.07.0,11744.07.0,12515.08.0,3361.08.0,3362.08.0,11016.08.0,11017.08.0,11724.09.0,3352.09.0,3353.09.0,3357.09.0,3358.09.0,3359.010.0,3353.010.0,3354.010.0,3355.010.0,3356.010.0,3359.011.0,11018.011.0,11019.011.0,11020.011.0,11022.011.0,11028.012.0,11181.012.0,11276.012.0,11278.012.0,11279.012.0,11286.013.0,10956.013.0,10961.013.0,10963.013.0,10965.013.0,11712.014.0,11106.014.0,11110.014.0,11114.014.0,11121.014.0,12522.015.0,11108.015.0,11118.015.0,11175.015.0,11176.015.0,11178.016.0,12516.016.0,12529.016.0,12532.016.0,12540.016.0,12543.017.0,3354.017.0,3355.017.0,12644.017.0,12645.017.0,12648.018.0,11160.018.0,11166.018.0,11167.018.0,12520.018.0,12521.019.0,11067.019.0,11078.019.0,11332.019.0,11333.019.0,11340.020.0,10149.020.0,10152.020.0,12527.020.0,12854.020.0,12857.021.0,11350.021.0,12614.021.0,12615.021.0,12616.021.0,12617.022.0,12564.022.0,12568.022.0,12575.022.0,12576.022.0,12577.023.0,12596.023.0,12606.023.0,12608.023.0,12619.023.0,12620.024.0,11103.024.0,11327.024.0,11328.024.0,11333.024.0,11341.025.0,11353.025.0,12232.025.0,12233.025.0,12241.025.0,12244.026.0,12777.026.0,12780.026.0,12910.026.0,12915.026.0,12916.027.0,1003.027.0,3825.027.0,3826.027.0,3828.027.0,11860.028.0,3827.028.0,11219.028.0,11221.028.0,11224.028.0,11227.029.0,3827.029.0,11219.029.0,11221.029.0,11224.029.0,11227.030.0,10242.030.0,10243.030.0,11203.030.0,11207.030.0,11216.031.0,11864.031.0,11866.031.0,11867.031.0,11868.031.0,11869.032.0,11298.032.0,11361.032.0,11362.032.0,11364.032.0,11365.033.0,11281.033.0,11285.033.0,11288.033.0,11817.033.0,11819.034.0,11298.034.0,11301.034.0,11311.034.0,11358.034.0,11823.035.0,10238.035.0,10248.035.0,11254.035.0,11259.035.0,11260.036.0,11314.036.0,12871.036.0,12912.036.0,12913.036.0,12918.037.0,10625.037.0,11065.037.0,11271.037.0,12801.037.0,12815.038.0,11059.038.0,11060.038.0,11061.038.0,11066.038.0,12314.039.0,3493.039.0,3497.039.0,10626.039.0,10629.039.0,10631.040.0,10624.040.0,12499.040.0,12500.040.0,12501.040.0,12511.041.0,11059.041.0,11060.041.0,11061.041.0,11066.041.0,11294.042.0,10242.042.0,10243.042.0,10250.042.0,10251.042.0,11203.043.0,10235.043.0,10237.043.0,10238.043.0,10245.043.0,10246.044.0,10872.044.0,10874.044.0,10875.044.0,10876.044.0,12143.045.0,12457.045.0,12458.045.0,12466.045.0,12469.045.0,12483.046.0,3512.046.0,3513.046.0,3514.046.0,3515.046.0,10292.047.0,12460.047.0,12461.047.0,12463.047.0,12481.047.0,12491.048.0,11036.048.0,12368.048.0,12371.048.0,12372.048.0,12385.049.0,12367.049.0,12377.049.0,12459.049.0,12464.049.0,12465.050.0,3376.050.0,3377.050.0,3499.050.0,10290.050.0,10291.051.0,3860.051.0,3861.051.0,10615.051.0,11034.051.0,11045.052.0,3492.052.0,3494.052.0,3495.052.0,3496.052.0,11045.053.0,7575.053.0,7576.053.0,8056.053.0,8060.053.0,8062.054.0,9542.054.0,9550.054.0,9551.054.0,9563.054.0,9564.055.0,8041.055.0,8042.055.0,8046.055.0,8047.055.0,11095.056.0,6476.056.0,8047.056.0,8048.056.0,8053.056.0,8054.057.0,8043.057.0,8045.057.0,8049.057.0,8245.057.0,8248.058.0,7572.058.0,8761.058.0,8762.058.0,9561.058.0,9562.059.0,8044.059.0,8244.059.0,9825.059.0,9827.059.0,11080.060.0,9604.060.0,9813.060.0,9819.060.0,9820.060.0,10137.061.0,1061.061.0,9781.061.0,9786.061.0,9871.061.0,9872.062.0,3645.062.0,3646.062.0,9604.062.0,9870.062.0,9872.063.0,9041.063.0,9043.063.0,9045.063.0,9046.063.0,9879.064.0,3586.064.0,9043.064.0,9044.064.0,9046.064.0,9047.065.0,9873.065.0,9876.065.0,9971.065.0,9982.065.0,9990.066.0,9360.066.0,9873.066.0,9974.066.0,9977.066.0,9981.067.0,8743.067.0,9359.067.0,9647.067.0,9879.067.0,10059.068.0,7553.068.0,8745.068.0,8747.068.0,9360.068.0,9361.069.0,8259.069.0,8284.069.0,9317.069.0,9318.069.0,9319.070.0,8160.070.0,8240.070.0,8260.070.0,8261.070.0,8263.071.0,8255.071.0,8256.071.0,8257.071.0,8259.071.0,8264.072.0,8254.072.0,8748.072.0,8749.072.0,8753.072.0,8759.073.0,8146.073.0,8147.073.0,8148.073.0,8149.073.0,8157.074.0,8161.074.0,8162.074.0,8165.074.0,8166.074.0,8223.075.0,8218.075.0,8220.075.0,8224.075.0,8226.075.0,8227.076.0,7564.076.0,8717.076.0,9335.076.0,9340.076.0,9342.077.0,8743.077.0,9980.077.0,9987.077.0,9988.077.0,9989.078.0,9311.078.0,9312.078.0,9538.078.0,9544.078.0,9546.079.0,9555.079.0,9558.079.0,9567.079.0,9568.079.0,9569.080.0,8264.080.0,8265.080.0,9206.080.0,9209.080.0,9603.081.0,7933.081.0,8179.081.0,8182.081.0,9207.081.0,9208.082.0,1043.082.0,8168.082.0,8171.082.0,8174.082.0,8180.083.0,10326.083.0,10878.083.0,10880.083.0,10881.083.0,10885.084.0,10321.084.0,10323.084.0,10330.084.0,10750.084.0,10751.085.0,1087.085.0,10324.085.0,10325.085.0,10742.085.0,10878.086.0,10883.086.0,10887.086.0,11987.086.0,11990.086.0,12003.087.0,11988.087.0,11991.087.0,11993.087.0,11998.087.0,12004.088.0,3309.088.0,3310.088.0,10316.088.0,10318.088.0,10320.089.0,11113.089.0,11116.089.0,11117.089.0,11122.089.0,11123.090.0,11000.090.0,11007.090.0,11986.090.0,11987.090.0,11988.091.0,3315.091.0,3316.091.0,3317.091.0,10316.091.0,10318.092.0,10747.092.0,11133.092.0,11134.092.0,11136.092.0,12249.093.0,12252.093.0,12253.093.0,12270.093.0,12337.093.0,12345.094.0,3321.094.0,3322.094.0,3325.094.0,3326.094.0,3327.095.0,3321.095.0,3322.095.0,3325.095.0,3326.095.0,3330.096.0,10760.096.0,11123.096.0,11124.096.0,11734.096.0,11736.097.0,10760.097.0,10890.097.0,10891.097.0,11113.097.0,11123.098.0,10893.098.0,10905.098.0,11718.098.0,11719.098.0,11723.099.0,10902.099.0,10907.099.0,10958.099.0,10959.099.0,11718.0100.0,3386.0100.0,3387.0100.0,3388.0100.0,3854.0100.0,10159.0101.0,3845.0101.0,10762.0101.0,10767.0101.0,10768.0101.0,10769.0102.0,3333.0102.0,11541.0102.0,11542.0102.0,11543.0102.0,11544.0103.0,3329.0103.0,3331.0103.0,3332.0103.0,3334.0103.0,3335.0104.0,10898.0104.0,10901.0104.0,10904.0104.0,10906.0104.0,12546.0105.0,3373.0105.0,3374.0105.0,10759.0105.0,12528.0105.0,12530.0106.0,10893.0106.0,10900.0106.0,10901.0106.0,10904.0106.0,10905.0107.0,12546.0107.0,12553.0107.0,12583.0107.0,12636.0107.0,12637.0108.0,10896.0108.0,11071.0108.0,12772.0108.0,12773.0108.0,12784.0109.0,10189.0109.0,10195.0109.0,10201.0109.0,10206.0109.0,10990.0110.0,10191.0110.0,10200.0110.0,10201.0110.0,10991.0110.0,11074.0111.0,3347.0111.0,11567.0111.0,11568.0111.0,11574.0111.0,11575.0112.0,3367.0112.0,10966.0112.0,11672.0112.0,11675.0112.0,11678.0113.0,10986.0113.0,11615.0113.0,11673.0113.0,11689.0113.0,11690.0114.0,3369.0114.0,10281.0114.0,10282.0114.0,10285.0114.0,10286.0115.0,3830.0115.0,3835.0115.0,3836.0115.0,10972.0115.0,10980.0116.0,10973.0116.0,10975.0116.0,10976.0116.0,10977.0116.0,10978.0117.0,10160.0117.0,10161.0117.0,12012.0117.0,12013.0117.0,12014.0118.0,3329.0118.0,11855.0118.0,12011.0118.0,12638.0118.0,12640.0119.0,10914.0119.0,10919.0119.0,10920.0119.0,10924.0119.0,10925.0120.0,3349.0120.0,3350.0120.0,10912.0120.0,10916.0120.0,11127.0121.0,3840.0121.0,3842.0121.0,11125.0121.0,11126.0121.0,11129.0122.0,10227.0122.0,10228.0122.0,10229.0122.0,12632.0122.0,12651.0123.0,3349.0123.0,3350.0123.0,3366.0123.0,3370.0123.0,10909.0124.0,3942.0124.0,3943.0124.0,3944.0124.0,10705.0124.0,10707.0125.0,10703.0125.0,10704.0125.0,10706.0125.0,10725.0125.0,10726.0126.0,1077.0126.0,3291.0126.0,10699.0126.0,10700.0126.0,10706.0127.0,10717.0127.0,10720.0127.0,10721.0127.0,10723.0127.0,11592.0128.0,867.0128.0,1078.0128.0,10797.0128.0,10801.0128.0,12962.0129.0,867.0129.0,1078.0129.0,10797.0129.0,10801.0129.0,10820.0130.0,11581.0130.0,11582.0130.0,11585.0130.0,11586.0130.0,11587.0131.0,3392.0131.0,3926.0131.0,10796.0131.0,10798.0131.0,10802.0132.0,3926.0132.0,11600.0132.0,11601.0132.0,11602.0132.0,11609.0133.0,3855.0133.0,3858.0133.0,11384.0133.0,11450.0133.0,11456.0134.0,10710.0134.0,10711.0134.0,11453.0134.0,11460.0134.0,11461.0135.0,11391.0135.0,11588.0135.0,11593.0135.0,11594.0135.0,11595.0136.0,10737.0136.0,10740.0136.0,10812.0136.0,12267.0136.0,12273.0137.0,3844.0137.0,3845.0137.0,3846.0137.0,3852.0137.0,3853.0138.0,11601.0138.0,11605.0138.0,12705.0138.0,12739.0138.0,12740.0139.0,10805.0139.0,10808.0139.0,10809.0139.0,10810.0139.0,12717.0140.0,10341.0140.0,12324.0140.0,12332.0141.0,3875.0141.0,10335.0141.0,10336.0141.0,10337.0141.0,12324.0142.0,3875.0142.0,10336.0142.0,10337.0142.0,10364.0142.0,10365.0143.0,10438.0143.0,12322.0143.0,12325.0143.0,12326.0143.0,12329.0144.0,876.0144.0,10342.0144.0,10343.0144.0,12071.0144.0,12077.0145.0,10340.0145.0,10344.0145.0,12071.0145.0,12330.0145.0,12331.0146.0,10367.0146.0,11413.0146.0,11414.0146.0,11941.0146.0,11946.0147.0,10362.0147.0,11415.0147.0,12061.0147.0,12067.0147.0,12069.0148.0,10349.0148.0,10357.0148.0,10359.0148.0,10361.0148.0,10363.0149.0,10331.0149.0,10441.0149.0,10442.0149.0,10444.0149.0,10445.0150.0,10438.0150.0,12322.0150.0,12325.0150.0,12326.0150.0,12328.0151.0,11417.0151.0,11420.0151.0,11423.0151.0,11424.0151.0,12076.0152.0,10396.0152.0,10397.0152.0,10420.0152.0,10421.0152.0,11420.0153.0,10404.0153.0,10407.0153.0,10459.0153.0,10672.0153.0,10677.0154.0,10405.0154.0,10406.0154.0,11935.0154.0,11936.0154.0,11942.0155.0,10468.0155.0,10469.0155.0,10470.0155.0,10471.0155.0,10683.0156.0,3294.0156.0,3295.0156.0,3302.0156.0,3303.0156.0,10639.0157.0,3296.0157.0,3302.0157.0,3303.0157.0,3304.0157.0,10639.0158.0,3296.0158.0,3299.0158.0,3300.0158.0,3304.0158.0,10639.0159.0,10461.0159.0,10462.0159.0,10463.0159.0,10464.0159.0,10467.0160.0,10484.0160.0,10485.0160.0,10486.0160.0,10487.0160.0,10488.0161.0,3453.0161.0,3454.0161.0,3455.0161.0,12659.0161.0,12669.0162.0,10162.0162.0,10167.0162.0,10168.0162.0,10176.0162.0,10177.0163.0,12662.0163.0,12664.0163.0,12665.0163.0,12666.0163.0,12670.0164.0,3486.0164.0,10408.0164.0,11583.0164.0,12339.0164.0,12405.0165.0,3949.0165.0,3952.0165.0,10409.0165.0,12338.0165.0,12340.0166.0,3482.0166.0,10417.0166.0,10418.0166.0,10419.0166.0,10472.0167.0,3482.0167.0,3484.0167.0,10417.0167.0,10473.0167.0,10474.0168.0,1050.0168.0,10409.0168.0,10410.0168.0,10474.0168.0,10477.0169.0,10490.0169.0,10491.0169.0,10492.0169.0,12394.0169.0,12400.0170.0,3869.0170.0,3872.0170.0,3873.0170.0,10415.0170.0,10416.0171.0,3283.0171.0,3452.0171.0,3488.0171.0,3490.0171.0,10413.0172.0,3482.0172.0,10475.0172.0,10479.0172.0,10481.0172.0,10482.0173.0,3279.0173.0,10447.0173.0,10783.0173.0,10785.0173.0,10786.0174.0,10452.0174.0,10453.0174.0,10454.0174.0,10456.0174.0,10457.0175.0,10449.0175.0,10784.0175.0,10787.0175.0,10792.0175.0,10793.0176.0,10321.0176.0,10753.0176.0,10772.0176.0,10774.0176.0,10775.0177.0,10778.0177.0,11928.0177.0,11929.0177.0,11932.0177.0,11933.0178.0,1067.0178.0,10521.0178.0,10522.0178.0,10778.0178.0,10782.0179.0,10321.0179.0,10323.0179.0,10330.0179.0,10750.0179.0,10751.0180.0,10651.0180.0,10655.0180.0,10657.0180.0,10658.0180.0,10744.0181.0,876.0181.0,10340.0181.0,10343.0181.0,10351.0181.0,10385.0182.0,10348.0182.0,10351.0182.0,10384.0182.0,10385.0182.0,10386.0183.0,10428.0183.0,10432.0183.0,11437.0183.0,11444.0183.0,11446.0184.0,10673.0184.0,10675.0184.0,10676.0184.0,11425.0184.0,11431.0185.0,3489.0185.0,10268.0185.0,12402.0185.0,12406.0185.0,12407.0186.0,3489.0186.0,10427.0186.0,12403.0186.0,12404.0186.0,12408.0187.0,8463.0187.0,8491.0187.0,8926.0187.0,8931.0187.0,8932.0188.0,8463.0188.0,8925.0188.0,8926.0188.0,8931.0188.0,8932.0189.0,3639.0189.0,3641.0189.0,7616.0189.0,7617.0189.0,8492.0190.0,7611.0190.0,7619.0190.0,8517.0190.0,9146.0190.0,9147.0191.0,11659.0191.0,11660.0191.0,11664.0191.0,11665.0191.0,11669.0192.0,10950.0192.0,11656.0192.0,11662.0192.0,11663.0192.0,11667.0193.0,10928.0193.0,10932.0193.0,10934.0193.0,10935.0193.0,10944.0194.0,11171.0194.0,12786.0194.0,12787.0194.0,12788.0194.0,12789.0195.0,3537.0195.0,3538.0195.0,3541.0195.0,3542.0195.0,3543.0196.0,947.0196.0,948.0196.0,10223.0196.0,10951.0196.0,10953.0197.0,10994.0197.0,11617.0197.0,11691.0197.0,11692.0197.0,11747.0198.0,3522.0198.0,3523.0198.0,3524.0198.0,10938.0198.0,10939.0199.0,3527.0199.0,10280.0199.0,10283.0199.0,10284.0199.0,10288.0200.0,10986.0200.0,10988.0200.0,10989.0200.0,11615.0200.0,11619.0201.0,10985.0201.0,11613.0201.0,11618.0201.0,11845.0201.0,11846.0202.0,3520.0202.0,10967.0202.0,10968.0202.0,10969.0202.0,10970.0203.0,10992.0203.0,10993.0203.0,12793.0203.0,12797.0203.0,12802.0204.0,3547.0204.0,11145.0204.0,11146.0204.0,11149.0204.0,11150.0205.0,11612.0205.0,11613.0205.0,11618.0205.0,11622.0205.0,11623.0206.0,11611.0206.0,12440.0206.0,12444.0206.0,12455.0206.0,12456.0207.0,10209.0207.0,10217.0207.0,11835.0207.0,12441.0207.0,12452.0208.0,11788.0208.0,11790.0208.0,11791.0208.0,11793.0208.0,11794.0209.0,11780.0209.0,11782.0209.0,11783.0209.0,11785.0209.0,11786.0210.0,11169.0210.0,11173.0210.0,11174.0210.0,11802.0210.0,11834.0211.0,10214.0211.0,11796.0211.0,11812.0211.0,11827.0211.0,11829.0212.0,11172.0212.0,11798.0212.0,11802.0212.0,11834.0212.0,11843.0213.0,12199.0213.0,12206.0213.0,12210.0213.0,12212.0213.0,12213.0214.0,3557.0214.0,11156.0214.0,11334.0214.0,11339.0214.0,12247.0215.0,11334.0215.0,12236.0215.0,12237.0215.0,12239.0215.0,12254.0216.0,11157.0216.0,11777.0216.0,12894.0216.0,12895.0216.0,12898.0217.0,947.0217.0,3532.0217.0,3534.0217.0,3536.0217.0,12018.0218.0,12194.0218.0,12195.0218.0,12845.0218.0,12848.0218.0,12851.0219.0,12191.0219.0,12211.0219.0,12212.0219.0,12213.0219.0,12214.0220.0,12180.0220.0,12183.0220.0,12412.0220.0,12427.0220.0,12428.0221.0,12177.0221.0,12179.0221.0,12182.0221.0,12183.0221.0,12189.0222.0,945.0222.0,10016.0222.0,10859.0222.0,12263.0222.0,12264.0223.0,7672.0223.0,11187.0223.0,11189.0223.0,12872.0223.0,12879.0224.0,1039.0224.0,7656.0224.0,7702.0224.0,10822.0224.0,11158.0225.0,1084.0225.0,10533.0225.0,11468.0225.0,11469.0225.0,11471.0226.0,10274.0226.0,10850.0226.0,12873.0226.0,12875.0226.0,12876.0227.0,10279.0227.0,10821.0227.0,10823.0227.0,10853.0227.0,10854.0228.0,10829.0228.0,10830.0228.0,10831.0228.0,10832.0228.0,10848.0229.0,10274.0229.0,10276.0229.0,10279.0229.0,10824.0229.0,10853.0230.0,3643.0230.0,3644.0230.0,7593.0230.0,7595.0230.0,9421.0231.0,7610.0231.0,8497.0231.0,8498.0231.0,8521.0231.0,9707.0232.0,7610.0232.0,9441.0232.0,9442.0232.0,9446.0232.0,9450.0233.0,3643.0233.0,3644.0233.0,7604.0233.0,7607.0233.0,7608.0234.0,9423.0234.0,9673.0234.0,9678.0234.0,9680.0234.0,9681.0235.0,7602.0235.0,7603.0235.0,9456.0235.0,9457.0235.0,9464.0236.0,7658.0236.0,7659.0236.0,7660.0236.0,8947.0236.0,9220.0237.0,1059.0237.0,2306.0237.0,2325.0237.0,8514.0237.0,8515.0238.0,1040.0238.0,7642.0238.0,7643.0238.0,7644.0238.0,7649.0239.0,7647.0239.0,7648.0239.0,7650.0239.0,7657.0239.0,7727.0240.0,7638.0240.0,7639.0240.0,7642.0240.0,7643.0240.0,7644.0241.0,7655.0241.0,9225.0241.0,9228.0241.0,9229.0241.0,9440.0242.0,7722.0242.0,9223.0242.0,9231.0242.0,9232.0242.0,9233.0243.0,7634.0243.0,7635.0243.0,7636.0243.0,9068.0243.0,9070.0244.0,9073.0244.0,9074.0244.0,9076.0244.0,9077.0244.0,9078.0245.0,7645.0245.0,8906.0245.0,9421.0245.0,9469.0245.0,9478.0246.0,7661.0246.0,7664.0246.0,7665.0246.0,7702.0246.0,8910.0247.0,7674.0247.0,7675.0247.0,7679.0247.0,7680.0247.0,7706.0248.0,7687.0248.0,7691.0248.0,8954.0248.0,8955.0248.0,8956.0249.0,7667.0249.0,8907.0249.0,8908.0249.0,8949.0249.0,8952.0250.0,7663.0250.0,7666.0250.0,9518.0250.0,9520.0250.0,9521.0251.0,7771.0251.0,7775.0251.0,7783.0251.0,7784.0251.0,8522.0252.0,7684.0252.0,7685.0252.0,7697.0252.0,7699.0252.0,7716.0253.0,3632.0253.0,3633.0253.0,3635.0253.0,9222.0253.0,9224.0254.0,7709.0254.0,7712.0254.0,7714.0254.0,7716.0254.0,7774.0255.0,7524.0255.0,7525.0255.0,7527.0255.0,7620.0255.0,10845.0256.0,7526.0256.0,7528.0256.0,7628.0256.0,10842.0256.0,10846.0257.0,7646.0257.0,8915.0257.0,8922.0257.0,9751.0257.0,10839.0258.0,3565.0258.0,8914.0258.0,8916.0258.0,8917.0258.0,9509.0259.0,3565.0259.0,8914.0259.0,8916.0259.0,8917.0259.0,9509.0260.0,3636.0260.0,3637.0260.0,7630.0260.0,7631.0260.0,7632.0261.0,866.0261.0,2329.0261.0,8519.0261.0,9443.0261.0,9755.0262.0,8468.0262.0,8471.0262.0,8472.0262.0,8473.0262.0,8474.0263.0,8499.0263.0,8500.0263.0,8504.0263.0,10835.0263.0,10841.0264.0,7578.0264.0,7579.0264.0,7580.0264.0,8466.0264.0,8469.0265.0,8488.0265.0,8500.0265.0,10835.0265.0,10841.0265.0,10847.0266.0,7579.0266.0,8479.0266.0,8480.0266.0,8484.0266.0,8486.0267.0,7911.0267.0,9014.0267.0,9389.0267.0,9394.0267.0,9616.0268.0,9008.0268.0,9010.0268.0,9015.0268.0,9017.0268.0,9018.0269.0,7918.0269.0,9626.0269.0,9631.0269.0,9632.0269.0,9636.0270.0,3605.0270.0,7540.0270.0,7542.0270.0,7543.0270.0,7544.0271.0,3604.0271.0,3605.0271.0,7540.0271.0,7542.0271.0,7543.0272.0,7831.0272.0,7832.0272.0,7833.0272.0,9613.0272.0,9623.0273.0,7853.0273.0,7855.0273.0,9306.0273.0,9309.0273.0,9310.0274.0,7861.0274.0,7863.0274.0,7866.0274.0,9195.0274.0,9196.0275.0,3602.0275.0,3603.0275.0,7824.0275.0,7825.0275.0,9308.0276.0,7836.0276.0,7838.0276.0,7852.0276.0,7862.0276.0,9305.0277.0,9008.0277.0,9016.0277.0,9017.0277.0,9018.0277.0,9019.0278.0,7843.0278.0,7844.0278.0,7845.0278.0,11087.0278.0,11090.0279.0,7840.0279.0,7848.0279.0,7850.0279.0,7853.0279.0,7854.0280.0,7860.0280.0,9191.0280.0,9193.0280.0,9782.0280.0,10128.0281.0,11081.0281.0,11084.0281.0,11093.0281.0,11094.0281.0,11096.0282.0,7922.0282.0,11079.0282.0,11082.0282.0,11083.0282.0,11085.0283.0,7518.0283.0,7520.0283.0,7523.0283.0,7926.0283.0,8030.0284.0,7999.0284.0,8986.0284.0,8987.0284.0,8988.0284.0,8989.0285.0,7917.0285.0,7923.0285.0,7924.0285.0,7927.0285.0,7928.0286.0,7522.0286.0,7925.0286.0,7931.0286.0,8128.0286.0,8129.0287.0,8070.0287.0,8074.0287.0,8102.0287.0,8109.0287.0,8110.0288.0,8025.0288.0,8026.0288.0,8608.0288.0,8611.0288.0,8614.0289.0,3550.0289.0,3551.0289.0,3553.0289.0,7940.0289.0,9830.0290.0,9153.0290.0,9670.0290.0,9829.0290.0,9831.0290.0,9833.0291.0,7944.0291.0,8611.0291.0,8614.0291.0,9264.0291.0,9266.0292.0,3550.0292.0,7934.0292.0,7935.0292.0,7936.0292.0,7937.0293.0,9178.0293.0,9184.0293.0,9498.0293.0,9499.0293.0,9500.0294.0,9150.0294.0,9152.0294.0,9155.0294.0,9157.0294.0,9666.0295.0,7886.0295.0,7890.0295.0,7904.0295.0,8935.0295.0,8936.0296.0,3948.0296.0,9148.0296.0,9151.0296.0,9156.0296.0,11164.0297.0,7889.0297.0,8937.0297.0,8938.0297.0,8940.0297.0,8942.0298.0,7789.0298.0,7795.0298.0,7800.0298.0,8934.0298.0,8939.0299.0,3619.0299.0,3621.0299.0,3623.0299.0,7746.0299.0,7788.0300.0,7896.0300.0,7899.0300.0,7900.0300.0,9789.0300.0,9803.0301.0,1042.0301.0,7894.0301.0,7895.0301.0,7901.0301.0,7903.0302.0,3620.0302.0,3624.0302.0,9790.0302.0,9791.0302.0,9799.0303.0,3877.0303.0,3879.0303.0,7875.0303.0,7876.0303.0,8033.0304.0,7876.0304.0,7880.0304.0,7881.0304.0,7882.0304.0,7884.0305.0,7790.0305.0,7791.0305.0,7792.0305.0,9966.0305.0,9967.0306.0,7962.0306.0,7964.0306.0,7967.0306.0,8621.0306.0,8622.0307.0,8617.0307.0,8618.0307.0,8998.0307.0,8999.0307.0,9000.0308.0,3606.0308.0,3607.0308.0,3608.0308.0,3611.0308.0,3612.0309.0,7961.0309.0,7963.0309.0,7964.0309.0,7967.0309.0,7968.0310.0,7877.0310.0,7878.0310.0,7879.0310.0,7883.0310.0,7885.0311.0,7959.0311.0,7976.0311.0,7982.0311.0,7983.0311.0,8018.0312.0,7976.0312.0,7977.0312.0,7982.0312.0,7983.0312.0,8020.0313.0,7819.0313.0,7820.0313.0,7822.0313.0,8012.0313.0,8023.0314.0,7807.0314.0,7813.0314.0,9166.0314.0,9167.0314.0,9168.0315.0,8539.0315.0,8544.0315.0,8551.0315.0,8552.0315.0,8553.0316.0,7948.0316.0,8547.0316.0,8548.0316.0,8554.0316.0,8578.0317.0,3954.0317.0,3957.0317.0,3958.0317.0,3959.0317.0,8540.0318.0,3938.0318.0,3955.0318.0,8963.0318.0,9185.0318.0,9186.0319.0,2333.0319.0,2334.0319.0,2335.0319.0,9243.0319.0,9244.0320.0,8579.0320.0,8580.0320.0,8582.0320.0,8586.0320.0,8589.0321.0,3939.0321.0,3956.0321.0,8533.0321.0,8556.0321.0,8563.0322.0,3954.0322.0,3957.0322.0,3959.0322.0,8534.0322.0,8535.0323.0,8561.0323.0,8564.0323.0,8568.0323.0,8569.0323.0,9092.0324.0,2332.0324.0,2333.0324.0,2334.0324.0,8944.0324.0,8946.0325.0,2337.0325.0,9220.0325.0,9221.0325.0,9226.0325.0,9227.0326.0,7773.0326.0,7776.0326.0,7777.0326.0,7779.0326.0,7781.0327.0,1057.0327.0,3631.0327.0,9430.0327.0,9431.0327.0,9432.0328.0,8509.0328.0,8512.0328.0,8593.0328.0,8595.0328.0,8946.0329.0,7585.0329.0,8597.0329.0,8598.0329.0,8600.0329.0,8601.0330.0,7581.0330.0,7582.0330.0,7583.0330.0,7584.0330.0,7588.0331.0,8526.0331.0,8572.0331.0,8573.0331.0,8575.0331.0,8576.0332.0,3934.0332.0,3936.0332.0,3941.0332.0,8570.0332.0,8945.0333.0,7591.0333.0,7755.0333.0,7756.0333.0,7758.0333.0,7874.0334.0,8559.0334.0,9163.0334.0,9234.0334.0,9235.0334.0,9247.0335.0,8950.0335.0,8960.0335.0,9236.0335.0,9238.0335.0,9239.0336.0,7950.0336.0,7951.0336.0,9285.0336.0,9286.0336.0,9287.0337.0,7807.0337.0,7809.0337.0,7810.0337.0,7811.0337.0,7812.0338.0,7547.0338.0,7954.0338.0,7969.0338.0,7971.0338.0,7972.0339.0,7952.0339.0,7953.0339.0,7955.0339.0,7975.0339.0,8591.0340.0,7945.0340.0,7970.0340.0,9113.0340.0,9115.0340.0,9116.0341.0,7815.0341.0,7816.0341.0,7817.0341.0,7945.0341.0,7949.0342.0,9277.0342.0,9278.0342.0,9292.0342.0,9293.0342.0,9294.0343.0,7815.0343.0,7816.0343.0,7817.0343.0,9111.0343.0,9112.0344.0,1052.0344.0,7973.0344.0,7974.0344.0,9083.0344.0,9092.0345.0,3596.0345.0,9277.0345.0,9278.0345.0,9292.0345.0,9293.0346.0,3595.0346.0,3596.0346.0,7493.0346.0,8624.0346.0,8625.0347.0,8127.0347.0,8130.0347.0,8134.0347.0,8136.0347.0,8139.0348.0,3581.0348.0,8116.0348.0,9922.0348.0,9925.0348.0,9926.0349.0,8085.0349.0,8089.0349.0,8090.0349.0,8092.0349.0,8107.0350.0,7925.0350.0,7931.0350.0,8120.0350.0,8124.0350.0,8144.0351.0,8003.0351.0,8319.0351.0,8320.0351.0,8321.0351.0,8322.0352.0,7494.0352.0,7495.0352.0,8315.0352.0,8318.0352.0,8993.0353.0,8271.0353.0,8320.0353.0,8325.0353.0,9400.0353.0,9409.0354.0,8268.0354.0,9103.0354.0,9109.0354.0,9485.0354.0,9488.0355.0,9888.0355.0,9899.0355.0,10080.0355.0,10081.0355.0,10093.0356.0,8185.0356.0,8186.0356.0,8187.0356.0,8188.0356.0,8189.0357.0,3599.0357.0,3600.0357.0,7993.0357.0,7996.0357.0,7997.0358.0,1046.0358.0,3581.0358.0,3583.0358.0,8266.0358.0,8285.0359.0,8266.0359.0,8267.0359.0,8268.0359.0,9103.0359.0,9108.0360.0,8383.0360.0,9327.0360.0,9330.0360.0,9331.0360.0,9338.0361.0,9369.0361.0,9371.0361.0,9375.0361.0,9378.0361.0,9379.0362.0,8764.0362.0,9372.0362.0,9376.0362.0,9377.0362.0,9484.0363.0,9490.0363.0,9888.0363.0,9890.0363.0,9892.0363.0,9899.0364.0,7498.0364.0,7499.0364.0,7505.0364.0,8436.0364.0,8678.0365.0,9897.0365.0,9903.0365.0,10117.0365.0,10131.0365.0,10134.0366.0,7993.0366.0,9028.0366.0,9029.0366.0,9035.0366.0,9040.0367.0,7498.0367.0,7499.0367.0,8198.0367.0,8200.0367.0,8301.0368.0,9822.0368.0,9826.0368.0,10116.0368.0,10122.0368.0,10123.0369.0,9032.0369.0,9033.0369.0,9035.0369.0,9036.0369.0,9039.0370.0,8214.0370.0,8215.0370.0,8216.0370.0,8217.0370.0,8298.0371.0,7530.0371.0,7531.0371.0,7536.0371.0,7537.0371.0,8302.0372.0,8295.0372.0,8297.0372.0,8301.0372.0,8302.0372.0,8304.0373.0,7529.0373.0,7535.0373.0,7538.0373.0,8203.0373.0,8206.0374.0,8623.0374.0,9574.0374.0,9579.0374.0,9936.0374.0,9937.0375.0,3560.0375.0,3561.0375.0,3562.0375.0,9282.0375.0,9939.0376.0,8035.0376.0,8037.0376.0,8038.0376.0,8641.0376.0,8643.0377.0,8307.0377.0,8308.0377.0,8628.0377.0,8630.0377.0,8631.0378.0,9100.0378.0,9102.0378.0,9571.0378.0,9584.0378.0,9588.0379.0,8036.0379.0,8627.0379.0,8629.0379.0,8638.0379.0,8639.0380.0,8039.0380.0,8040.0380.0,8636.0380.0,9093.0380.0,9094.0381.0,8592.0381.0,8644.0381.0,8981.0381.0,9085.0381.0,9675.0382.0,8560.0382.0,8981.0382.0,9084.0382.0,9087.0382.0,9088.0383.0,1052.0383.0,8560.0383.0,9084.0383.0,9085.0383.0,9091.0384.0,2360.0384.0,8640.0384.0,9086.0384.0,9362.0384.0,9675.0385.0,9571.0385.0,9573.0385.0,9584.0385.0,9587.0385.0,9589.0386.0,8783.0386.0,8784.0386.0,8785.0386.0,10103.0386.0,10107.0387.0,3876.0387.0,8657.0387.0,8658.0387.0,8659.0387.0,8660.0388.0,8708.0388.0,10012.0388.0,10015.0388.0,10069.0388.0,10083.0389.0,8738.0389.0,8739.0389.0,10087.0389.0,10091.0389.0,10094.0390.0,8709.0390.0,8793.0390.0,8794.0390.0,8795.0390.0,8796.0391.0,8659.0391.0,8661.0391.0,8662.0391.0,9382.0391.0,9383.0392.0,8663.0392.0,8664.0392.0,8666.0392.0,8667.0392.0,8668.0393.0,8676.0393.0,8677.0393.0,8788.0393.0,10108.0393.0,10109.0394.0,8788.0394.0,8790.0394.0,8792.0394.0,8793.0394.0,8794.0395.0,1055.0395.0,8677.0395.0,8791.0395.0,8797.0395.0,8817.0396.0,8064.0396.0,8743.0396.0,9987.0396.0,9988.0396.0,9989.0397.0,8741.0397.0,8763.0397.0,9329.0397.0,9972.0397.0,9973.0398.0,7548.0398.0,7549.0398.0,7555.0398.0,7558.0398.0,9653.0399.0,8406.0399.0,8407.0399.0,8412.0399.0,9138.0399.0,9356.0400.0,8376.0400.0,8378.0400.0,8379.0400.0,9357.0400.0,9646.0401.0,3569.0401.0,8063.0401.0,8375.0401.0,8404.0401.0,8405.0402.0,8379.0402.0,8408.0402.0,9353.0402.0,9357.0402.0,9655.0403.0,8333.0403.0,8334.0403.0,8335.0403.0,8336.0403.0,8341.0404.0,9120.0404.0,9123.0404.0,9658.0404.0,9660.0404.0,9661.0405.0,1036.0405.0,5036.0405.0,7514.0405.0,8798.0405.0,8801.0406.0,9123.0406.0,9658.0406.0,9851.0406.0,9852.0406.0,9869.0407.0,8672.0407.0,8675.0407.0,9724.0407.0,9867.0407.0,9868.0408.0,8273.0408.0,8275.0408.0,8279.0408.0,8367.0408.0,8371.0409.0,8367.0409.0,8390.0409.0,8393.0409.0,8394.0409.0,10014.0410.0,7548.0410.0,7554.0410.0,10006.0410.0,10009.0410.0,10013.0411.0,8362.0411.0,8363.0411.0,8364.0411.0,8365.0411.0,8372.0412.0,8349.0412.0,8350.0412.0,8419.0412.0,8427.0412.0,8428.0413.0,8368.0413.0,8370.0413.0,8426.0413.0,8720.0413.0,8721.0414.0,8337.0414.0,9135.0414.0,9136.0414.0,9139.0414.0,9140.0415.0,7559.0415.0,7560.0415.0,9105.0415.0,9106.0415.0,9107.0416.0,7563.0416.0,7566.0416.0,7567.0416.0,9719.0416.0,10004.0417.0,8275.0417.0,8276.0417.0,8279.0417.0,8281.0417.0,8283.0418.0,8273.0418.0,8366.0418.0,8368.0418.0,8369.0418.0,8370.0419.0,8352.0419.0,8421.0419.0,8426.0419.0,8429.0419.0,8720.0420.0,8343.0420.0,8345.0420.0,8352.0420.0,8353.0420.0,8420.0421.0,7506.0421.0,7509.0421.0,7510.0421.0,9332.0421.0,9341.0422.0,8695.0422.0,8714.0422.0,8715.0422.0,8722.0422.0,8723.0423.0,7507.0423.0,8330.0423.0,8334.0423.0,8338.0423.0,8339.0424.0,8411.0424.0,8413.0424.0,8414.0424.0,8417.0424.0,8422.0425.0,7506.0425.0,7508.0425.0,7509.0425.0,7510.0425.0,8343.0426.0,8358.0426.0,8359.0426.0,8361.0426.0,8424.0426.0,8425.0427.0,8652.0427.0,8653.0427.0,8654.0427.0,8656.0427.0,8775.0428.0,8886.0428.0,8892.0428.0,8896.0428.0,8903.0428.0,8904.0429.0,8437.0429.0,8438.0429.0,8441.0429.0,8807.0429.0,8808.0430.0,8430.0430.0,8431.0430.0,8882.0430.0,8884.0430.0,8897.0431.0,8448.0431.0,8449.0431.0,10020.0431.0,10021.0431.0,10036.0432.0,3766.0432.0,3767.0432.0,4138.0432.0,10033.0432.0,10070.0433.0,8431.0433.0,8432.0433.0,8888.0433.0,8889.0433.0,8891.0434.0,8737.0434.0,8888.0434.0,8889.0434.0,8891.0434.0,8898.0435.0,8646.0435.0,8647.0435.0,8648.0435.0,8650.0435.0,8651.0436.0,8311.0436.0,8313.0436.0,8649.0436.0,8679.0436.0,8680.0437.0,8681.0437.0,8684.0437.0,8688.0437.0,8704.0437.0,8705.0438.0,2393.0438.0,8773.0438.0,8774.0438.0,9129.0438.0,9131.0439.0,8725.0439.0,8726.0439.0,8727.0439.0,8735.0439.0,8736.0440.0,8694.0440.0,8700.0440.0,8701.0440.0,8771.0440.0,9132.0441.0,9978.0441.0,9979.0441.0,10017.0441.0,10035.0441.0,10037.0442.0,8433.0442.0,8734.0442.0,8880.0442.0,9053.0442.0,9057.0443.0,9690.0443.0,9696.0443.0,10044.0443.0,10050.0443.0,10052.0444.0,8875.0444.0,9713.0444.0,9716.0444.0,9721.0444.0,9722.0445.0,8700.0445.0,8701.0445.0,8770.0445.0,8812.0445.0,8877.0446.0,8453.0446.0,8455.0446.0,8457.0446.0,8458.0446.0,8799.0447.0,8455.0447.0,8800.0447.0,9684.0447.0,9685.0447.0,9688.0448.0,8814.0448.0,8815.0448.0,8818.0448.0,8824.0448.0,9705.0449.0,8811.0449.0,8814.0449.0,8815.0449.0,8818.0449.0,8819.0450.0,4863.0450.0,9059.0450.0,9064.0450.0,9141.0450.0,9142.0451.0,9638.0451.0,9640.0451.0,9641.0451.0,9642.0451.0,9645.0452.0,8861.0452.0,8862.0452.0,8864.0452.0,8865.0452.0,8871.0453.0,8830.0453.0,8831.0453.0,8833.0453.0,8834.0453.0,8836.0454.0,8832.0454.0,8835.0454.0,8837.0454.0,8839.0454.0,9143.0455.0,950.0455.0,3559.0455.0,8861.0455.0,8862.0455.0,8864.0456.0,9059.0456.0,9064.0456.0,9141.0456.0,9142.0456.0,9143.0457.0,952.0457.0,5754.0457.0,5785.0457.0,5786.0457.0,5787.0458.0,3409.0458.0,3411.0458.0,10264.0458.0,10610.0458.0,11881.0459.0,3393.0459.0,3394.0459.0,3395.0459.0,10616.0459.0,10617.0460.0,3863.0460.0,10609.0460.0,10611.0460.0,10612.0460.0,10613.0461.0,3345.0461.0,11232.0461.0,11234.0461.0,11528.0461.0,11529.0462.0,3823.0462.0,3824.0462.0,11238.0462.0,11244.0462.0,11248.0463.0,11219.0463.0,11221.0463.0,11222.0463.0,11231.0463.0,11862.0464.0,11048.0464.0,11243.0464.0,12798.0464.0,12808.0464.0,12809.0465.0,3339.0465.0,3340.0465.0,3341.0465.0,3342.0465.0,3344.0466.0,10599.0466.0,10600.0466.0,10601.0466.0,10603.0466.0,10604.0467.0,12045.0467.0,12047.0467.0,12048.0467.0,12110.0467.0,12495.0468.0,12741.0468.0,12751.0468.0,12752.0468.0,12753.0468.0,12767.0469.0,3415.0469.0,3419.0469.0,3421.0469.0,11630.0469.0,11647.0470.0,10868.0470.0,10869.0470.0,10870.0470.0,12369.0470.0,12373.0471.0,10773.0471.0,10778.0471.0,10780.0471.0,11928.0471.0,11931.0472.0,10526.0472.0,10687.0472.0,10695.0472.0,12154.0472.0,12168.0473.0,11509.0473.0,11511.0473.0,12022.0473.0,12031.0473.0,12046.0474.0,1089.0474.0,10636.0474.0,10637.0474.0,11914.0474.0,11922.0475.0,10502.0475.0,10503.0475.0,10505.0475.0,10506.0475.0,10527.0476.0,10525.0476.0,12152.0476.0,12153.0476.0,12169.0476.0,12170.0477.0,3443.0477.0,10566.0477.0,10567.0477.0,10568.0477.0,10572.0478.0,12694.0478.0,12697.0478.0,12724.0478.0,12725.0478.0,12729.0479.0,10691.0479.0,10693.0479.0,10694.0479.0,12021.0479.0,12034.0480.0,10500.0480.0,10501.0480.0,10690.0480.0,10691.0480.0,10693.0481.0,1067.0481.0,10521.0481.0,10522.0481.0,10696.0481.0,10778.0482.0,11912.0482.0,11915.0482.0,11916.0482.0,11917.0482.0,11918.0483.0,10634.0483.0,10635.0483.0,10637.0483.0,11434.0483.0,11913.0484.0,3491.0484.0,10376.0484.0,10378.0484.0,10379.0484.0,10380.0485.0,1083.0485.0,11919.0485.0,11924.0485.0,11925.0485.0,11943.0486.0,1070.0486.0,10516.0486.0,11921.0486.0,12949.0486.0,12955.0487.0,1070.0487.0,10497.0487.0,10498.0487.0,10516.0487.0,11921.0488.0,1090.0488.0,3463.0488.0,11445.0488.0,11919.0488.0,11944.0489.0,10312.0489.0,10552.0489.0,11474.0489.0,11475.0489.0,12050.0490.0,3466.0490.0,3469.0490.0,3473.0490.0,3474.0490.0,3475.0491.0,1069.0491.0,1642.0491.0,1643.0491.0,3466.0491.0,10310.0492.0,3477.0492.0,3479.0492.0,3480.0492.0,11539.0492.0,11540.0493.0,10494.0493.0,10496.0493.0,10539.0493.0,10544.0493.0,10548.0494.0,10558.0494.0,11518.0494.0,11519.0494.0,11520.0494.0,12055.0495.0,10308.0495.0,10517.0495.0,10518.0495.0,10520.0495.0,10557.0496.0,10534.0496.0,10535.0496.0,10582.0496.0,10584.0496.0,11396.0497.0,10535.0497.0,11394.0497.0,11395.0497.0,11482.0497.0,11484.0498.0,10308.0498.0,10309.0498.0,10517.0498.0,10518.0498.0,10557.0499.0,3305.0499.0,3306.0499.0,3307.0499.0,3308.0499.0,3430.0500.0,12126.0500.0,12127.0500.0,12128.0500.0,12129.0500.0,12285.0501.0,3430.0501.0,10559.0501.0,10560.0501.0,10573.0501.0,11515.0502.0,3444.0502.0,3445.0502.0,3447.0502.0,11392.0502.0,11393.0503.0,10608.0503.0,11392.0503.0,12286.0503.0,12287.0503.0,12288.0504.0,3397.0504.0,3434.0504.0,3437.0504.0,3442.0504.0,10575.0505.0,3431.0505.0,10576.0505.0,10577.0505.0,10578.0505.0,10579.0506.0,10594.0506.0,10596.0506.0,10597.0506.0,10598.0506.0,11502.0507.0,3398.0507.0,3399.0507.0,3402.0507.0,3403.0507.0,3404.0508.0,5794.0508.0,5798.0508.0,11894.0508.0,11895.0508.0,11967.0509.0,11962.0509.0,11963.0509.0,11964.0509.0,11968.0509.0,11969.0510.0,1091.0510.0,11962.0510.0,11965.0510.0,11966.0510.0,11967.0511.0,11891.0511.0,11892.0511.0,11896.0511.0,11898.0511.0,11902.0512.0,11406.0512.0,11411.0512.0,11887.0512.0,12119.0512.0,12120.0513.0,11490.0513.0,11493.0513.0,11650.0513.0,11651.0513.0,11653.0514.0,11885.0514.0,11978.0514.0,11979.0514.0,12134.0514.0,12140.0515.0,10305.0515.0,11883.0515.0,11884.0515.0,11978.0515.0,11979.0516.0,11872.0516.0,11873.0516.0,11874.0516.0,11876.0516.0,11877.0517.0,10598.0517.0,12051.0517.0,12089.0517.0,12099.0517.0,12114.0518.0,3725.0518.0,5678.0518.0,6274.0518.0,6279.0518.0,7173.0519.0,6210.0519.0,6213.0519.0,6269.0519.0,6275.0519.0,6277.0520.0,6269.0520.0,6279.0520.0,7173.0520.0,7175.0520.0,7178.0521.0,1082.0521.0,6214.0521.0,6215.0521.0,6216.0521.0,6221.0522.0,5590.0522.0,5591.0522.0,5592.0522.0,5593.0522.0,5594.0523.0,5564.0523.0,5565.0523.0,5567.0523.0,6191.0523.0,6196.0524.0,6193.0524.0,6194.0524.0,6195.0524.0,6197.0524.0,6317.0525.0,1082.0525.0,6215.0525.0,6216.0525.0,11280.0525.0,11820.0526.0,11274.0526.0,11281.0526.0,11284.0526.0,11285.0526.0,11288.0527.0,5566.0527.0,5568.0527.0,5569.0527.0,5804.0527.0,5813.0528.0,5811.0528.0,5812.0528.0,5813.0528.0,5816.0528.0,5817.0529.0,1004.0529.0,6211.0529.0,6264.0529.0,6265.0529.0,6267.0530.0,6232.0530.0,6233.0530.0,6234.0530.0,6235.0530.0,6236.0531.0,6229.0531.0,6231.0531.0,6293.0531.0,6294.0531.0,6299.0532.0,5593.0532.0,5594.0532.0,6191.0532.0,6265.0532.0,6266.0533.0,6192.0533.0,6195.0533.0,6196.0533.0,6197.0533.0,6198.0534.0,6281.0534.0,6287.0534.0,6290.0534.0,6294.0534.0,6299.0535.0,5989.0535.0,5991.0535.0,6230.0535.0,6311.0535.0,6339.0536.0,6333.0536.0,6362.0536.0,7290.0536.0,7299.0536.0,7309.0537.0,5575.0537.0,5580.0537.0,5582.0537.0,5585.0537.0,5587.0538.0,5579.0538.0,5584.0538.0,5588.0538.0,5982.0538.0,5985.0539.0,3725.0539.0,3726.0539.0,3727.0539.0,3731.0539.0,5678.0540.0,6205.0540.0,7068.0540.0,7073.0540.0,7075.0540.0,7079.0541.0,5614.0541.0,5661.0541.0,5663.0541.0,5664.0541.0,7577.0542.0,3726.0542.0,5660.0542.0,5663.0542.0,5667.0542.0,5668.0543.0,6209.0543.0,6298.0543.0,6473.0543.0,6475.0543.0,6477.0544.0,6203.0544.0,6207.0544.0,6209.0544.0,7170.0544.0,7180.0545.0,5595.0545.0,6200.0545.0,6204.0545.0,6208.0545.0,7260.0546.0,6883.0546.0,6916.0546.0,6917.0546.0,6923.0546.0,6927.0547.0,989.0547.0,5597.0547.0,5598.0547.0,6332.0547.0,6334.0548.0,6320.0548.0,6321.0548.0,6322.0548.0,6324.0548.0,6325.0549.0,6328.0549.0,6876.0549.0,6879.0549.0,6880.0549.0,6881.0550.0,6343.0550.0,6344.0550.0,6358.0550.0,6360.0550.0,6370.0551.0,6343.0551.0,6356.0551.0,6357.0551.0,6461.0551.0,6463.0552.0,3672.0552.0,6319.0552.0,6456.0552.0,6457.0552.0,6459.0553.0,3667.0553.0,3669.0553.0,3670.0553.0,3671.0553.0,3672.0554.0,6222.0554.0,6223.0554.0,6225.0554.0,6226.0554.0,6909.0555.0,6222.0555.0,6223.0555.0,6227.0555.0,6228.0555.0,7160.0556.0,5649.0556.0,6869.0556.0,6871.0556.0,6872.0556.0,6873.0557.0,5652.0557.0,5653.0557.0,5654.0557.0,6902.0557.0,7052.0558.0,6163.0558.0,6164.0558.0,7183.0558.0,7187.0558.0,7388.0559.0,6869.0559.0,6872.0559.0,6873.0559.0,7083.0559.0,7084.0560.0,7035.0560.0,7086.0560.0,7089.0560.0,7137.0560.0,7138.0561.0,7269.0561.0,7270.0561.0,7271.0561.0,7273.0561.0,7280.0562.0,7313.0562.0,7318.0562.0,7320.0562.0,7321.0562.0,7322.0563.0,7028.0563.0,7222.0563.0,7223.0563.0,7293.0563.0,7306.0564.0,7001.0564.0,7002.0564.0,7004.0564.0,7015.0564.0,7016.0565.0,3930.0565.0,7092.0565.0,7163.0565.0,7164.0565.0,7165.0566.0,3930.0566.0,3931.0566.0,3932.0566.0,5562.0566.0,5563.0567.0,3680.0567.0,5719.0567.0,6376.0567.0,6377.0567.0,6379.0568.0,6412.0568.0,7092.0568.0,7096.0568.0,7098.0568.0,7425.0569.0,6412.0569.0,6911.0569.0,7405.0569.0,7425.0569.0,7426.0570.0,1005.0570.0,7095.0570.0,7097.0570.0,7099.0570.0,7221.0571.0,3931.0571.0,5562.0571.0,5563.0571.0,7208.0571.0,7216.0572.0,1029.0572.0,5639.0572.0,5640.0572.0,5642.0572.0,5643.0573.0,4013.0573.0,4014.0573.0,5639.0573.0,5640.0573.0,5718.0574.0,6283.0574.0,6284.0574.0,6285.0574.0,6288.0574.0,6900.0575.0,6217.0575.0,6218.0575.0,6219.0575.0,6220.0575.0,6224.0576.0,5808.0576.0,5810.0576.0,5815.0576.0,6218.0576.0,6224.0577.0,6217.0577.0,6224.0577.0,6318.0577.0,6868.0577.0,6899.0578.0,6336.0578.0,7227.0578.0,7237.0578.0,7239.0578.0,7241.0579.0,6219.0579.0,6220.0579.0,6318.0579.0,7149.0579.0,7162.0580.0,6318.0580.0,7012.0580.0,7230.0580.0,7235.0580.0,7240.0581.0,7230.0581.0,7235.0581.0,7238.0581.0,7240.0581.0,7325.0582.0,7149.0582.0,7162.0582.0,7226.0582.0,7227.0582.0,7236.0583.0,6428.0583.0,7236.0583.0,7328.0583.0,7331.0583.0,7401.0584.0,7364.0584.0,7367.0584.0,7373.0584.0,7378.0584.0,7385.0585.0,3883.0585.0,6374.0585.0,6490.0585.0,6493.0585.0,6499.0586.0,6489.0586.0,6490.0586.0,6493.0586.0,6497.0586.0,7347.0587.0,7312.0587.0,7317.0587.0,7326.0587.0,7327.0587.0,7387.0588.0,3991.0588.0,3992.0588.0,4066.0588.0,5528.0588.0,6538.0589.0,3881.0589.0,3882.0589.0,3883.0589.0,6374.0589.0,6375.0590.0,6425.0590.0,6426.0590.0,6427.0590.0,6459.0590.0,6460.0591.0,3668.0591.0,3669.0591.0,3677.0591.0,6431.0591.0,6441.0592.0,3677.0592.0,3679.0592.0,6431.0592.0,6439.0592.0,6441.0593.0,6444.0593.0,6451.0593.0,6488.0593.0,6496.0593.0,6498.0594.0,6451.0594.0,6495.0594.0,6498.0594.0,7379.0594.0,7380.0595.0,3656.0595.0,3658.0595.0,7371.0595.0,7379.0595.0,7380.0596.0,6488.0596.0,6494.0596.0,7349.0596.0,7356.0596.0,7368.0597.0,3655.0597.0,6535.0597.0,6538.0597.0,7349.0597.0,7355.0598.0,6534.0598.0,6536.0598.0,6537.0598.0,6539.0598.0,7453.0599.0,1010.0599.0,1011.0599.0,4046.0599.0,6541.0599.0,7332.0600.0,7314.0600.0,7315.0600.0,7345.0600.0,7346.0600.0,7360.0601.0,6603.0601.0,7101.0601.0,7108.0601.0,7112.0601.0,7113.0602.0,6801.0602.0,6811.0602.0,7102.0602.0,7103.0602.0,7104.0603.0,6517.0603.0,6518.0603.0,6519.0603.0,6521.0603.0,6579.0604.0,6302.0604.0,6432.0604.0,6436.0604.0,7316.0604.0,7344.0605.0,6604.0605.0,6605.0605.0,6606.0605.0,6607.0605.0,6925.0606.0,3654.0606.0,6604.0606.0,6605.0606.0,6606.0606.0,7111.0607.0,6865.0607.0,6866.0607.0,7105.0607.0,7106.0607.0,7110.0608.0,6435.0608.0,6438.0608.0,6458.0608.0,6485.0608.0,6486.0609.0,6304.0609.0,6438.0609.0,6440.0609.0,6442.0609.0,6502.0610.0,5693.0610.0,5694.0610.0,5695.0610.0,5696.0610.0,6307.0611.0,3586.0611.0,3587.0611.0,3588.0611.0,6384.0611.0,6386.0612.0,3678.0612.0,5693.0612.0,5694.0612.0,6302.0612.0,6432.0613.0,5693.0613.0,5694.0613.0,6306.0613.0,6308.0613.0,6446.0614.0,6611.0614.0,6612.0614.0,6616.0614.0,6795.0614.0,6796.0615.0,6799.0615.0,6805.0615.0,6806.0615.0,6809.0615.0,6810.0616.0,4114.0616.0,4115.0616.0,5081.0616.0,5189.0616.0,5190.0617.0,5049.0617.0,7036.0617.0,7042.0617.0,7046.0617.0,7048.0618.0,1048.0618.0,3788.0618.0,3789.0618.0,3791.0618.0,3792.0619.0,5047.0619.0,5051.0619.0,5052.0619.0,5059.0619.0,5060.0620.0,980.0620.0,4659.0620.0,4664.0620.0,5505.0620.0,5506.0621.0,3780.0621.0,3781.0621.0,5066.0621.0,5068.0621.0,5069.0622.0,3780.0622.0,3781.0622.0,4108.0622.0,4112.0622.0,5026.0623.0,4114.0623.0,4115.0623.0,5051.0623.0,5052.0623.0,5082.0624.0,4083.0624.0,4659.0624.0,4661.0624.0,4662.0624.0,5503.0625.0,958.0625.0,4666.0625.0,5536.0625.0,5537.0625.0,5542.0626.0,4402.0626.0,4420.0626.0,5527.0626.0,5530.0626.0,5539.0627.0,988.0627.0,4418.0627.0,4419.0627.0,5529.0627.0,5531.0628.0,5523.0628.0,5524.0628.0,5526.0628.0,5531.0628.0,5535.0629.0,3802.0629.0,3803.0629.0,4417.0629.0,4427.0629.0,4648.0630.0,4430.0630.0,5511.0630.0,5512.0630.0,5516.0630.0,5520.0631.0,4423.0631.0,4425.0631.0,4433.0631.0,4437.0631.0,4438.0632.0,4428.0632.0,4429.0632.0,4434.0632.0,4646.0632.0,5519.0633.0,4135.0633.0,4137.0633.0,4139.0633.0,4140.0633.0,4349.0634.0,4127.0634.0,4130.0634.0,4357.0634.0,4361.0634.0,5070.0635.0,4379.0635.0,4383.0635.0,4865.0635.0,5324.0635.0,5326.0636.0,4368.0636.0,4856.0636.0,4857.0636.0,4860.0636.0,4861.0637.0,4366.0637.0,5516.0637.0,5523.0637.0,5524.0637.0,5526.0638.0,4367.0638.0,4370.0638.0,4811.0638.0,4930.0638.0,4931.0639.0,4831.0639.0,4833.0639.0,4834.0639.0,4842.0639.0,4849.0640.0,4801.0640.0,4803.0640.0,4804.0640.0,4805.0640.0,4806.0641.0,4819.0641.0,4820.0641.0,5438.0641.0,5440.0641.0,5442.0642.0,5330.0642.0,5357.0642.0,5359.0642.0,5361.0642.0,5363.0643.0,4793.0643.0,4795.0643.0,4796.0643.0,4809.0643.0,5019.0644.0,4933.0644.0,5292.0644.0,5293.0644.0,5296.0644.0,5474.0645.0,4894.0645.0,4895.0645.0,4918.0645.0,4919.0645.0,5414.0646.0,5376.0646.0,5432.0646.0,5451.0646.0,5456.0646.0,6947.0647.0,4052.0647.0,4055.0647.0,4056.0647.0,4294.0647.0,4301.0648.0,4051.0648.0,4330.0648.0,4874.0648.0,4878.0648.0,4879.0649.0,4331.0649.0,4332.0649.0,4415.0649.0,4416.0649.0,4421.0650.0,4653.0650.0,4654.0650.0,5335.0650.0,5336.0650.0,5367.0651.0,961.0651.0,4288.0651.0,4602.0651.0,5367.0651.0,5368.0652.0,984.0652.0,4613.0652.0,4619.0652.0,5331.0652.0,5334.0653.0,3977.0653.0,3979.0653.0,3980.0653.0,4636.0653.0,4637.0654.0,3979.0654.0,3982.0654.0,3983.0654.0,4671.0654.0,4672.0655.0,4638.0655.0,5241.0655.0,5373.0655.0,5382.0655.0,5383.0656.0,4441.0656.0,4758.0656.0,4759.0656.0,4761.0656.0,4763.0657.0,4431.0657.0,4439.0657.0,4440.0657.0,4444.0657.0,4445.0658.0,5004.0658.0,5005.0658.0,5006.0658.0,5007.0658.0,5276.0659.0,4683.0659.0,4984.0659.0,5165.0659.0,5316.0659.0,5318.0660.0,4684.0660.0,4686.0660.0,4687.0660.0,4989.0660.0,4990.0661.0,4784.0661.0,4951.0661.0,4952.0661.0,4953.0661.0,4956.0662.0,3746.0662.0,3747.0662.0,4677.0662.0,4679.0662.0,5132.0663.0,3746.0663.0,3747.0663.0,4676.0663.0,4689.0663.0,4950.0664.0,3733.0664.0,3734.0664.0,4997.0664.0,4998.0664.0,4999.0665.0,1018.0665.0,6651.0665.0,6652.0665.0,6655.0665.0,6657.0666.0,4926.0666.0,4927.0666.0,4928.0666.0,4929.0666.0,4991.0667.0,4901.0667.0,4902.0667.0,4904.0667.0,4906.0667.0,4908.0668.0,4942.0668.0,5160.0668.0,5162.0668.0,5171.0668.0,5172.0669.0,3743.0669.0,3744.0669.0,4912.0669.0,4913.0669.0,5155.0670.0,1143.0670.0,2862.0670.0,2863.0670.0,2864.0670.0,4943.0671.0,4980.0671.0,4981.0671.0,5008.0671.0,5012.0671.0,5319.0672.0,4001.0672.0,4002.0672.0,5466.0672.0,5467.0672.0,5559.0673.0,4001.0673.0,4002.0673.0,5355.0673.0,5356.0673.0,5559.0674.0,4001.0674.0,4002.0674.0,5355.0674.0,5356.0674.0,5559.0675.0,978.0675.0,5164.0675.0,5235.0675.0,5237.0675.0,5466.0676.0,975.0676.0,1721.0676.0,1722.0676.0,1731.0676.0,5356.0677.0,4954.0677.0,4955.0677.0,4993.0677.0,4994.0677.0,4995.0678.0,4962.0678.0,4978.0678.0,5308.0678.0,5309.0678.0,5310.0679.0,5127.0679.0,5128.0679.0,5129.0679.0,5130.0679.0,5131.0680.0,4741.0680.0,4777.0680.0,4959.0680.0,4963.0680.0,5118.0681.0,4741.0681.0,4777.0681.0,4963.0681.0,5152.0681.0,5406.0682.0,4040.0682.0,4768.0682.0,5169.0682.0,5402.0682.0,5405.0683.0,4790.0683.0,4961.0683.0,4962.0683.0,5243.0683.0,5246.0684.0,4888.0684.0,5124.0684.0,5125.0684.0,5278.0684.0,5280.0685.0,4740.0685.0,4748.0685.0,4749.0685.0,4750.0685.0,4751.0686.0,4675.0686.0,5285.0686.0,5289.0686.0,5294.0686.0,5295.0687.0,3770.0687.0,3772.0687.0,4104.0687.0,4107.0687.0,4162.0688.0,3805.0688.0,3808.0688.0,5344.0688.0,5351.0688.0,5352.0689.0,4320.0689.0,4322.0689.0,4323.0689.0,4335.0689.0,4336.0690.0,4275.0690.0,4276.0690.0,4277.0690.0,4278.0690.0,4279.0691.0,4399.0691.0,4400.0691.0,5089.0691.0,5092.0691.0,5093.0692.0,5183.0692.0,5184.0692.0,5185.0692.0,5195.0692.0,5198.0693.0,1016.0693.0,5084.0693.0,5085.0693.0,5087.0693.0,5088.0694.0,3773.0694.0,3774.0694.0,4102.0694.0,4103.0694.0,5078.0695.0,3774.0695.0,3775.0695.0,3776.0695.0,3777.0695.0,3778.0696.0,4075.0696.0,4076.0696.0,4151.0696.0,4313.0696.0,4314.0697.0,4074.0697.0,4080.0697.0,4081.0697.0,5454.0697.0,5461.0698.0,4209.0698.0,4213.0698.0,4214.0698.0,4215.0698.0,4219.0699.0,4079.0699.0,4080.0699.0,4081.0699.0,5394.0699.0,5397.0700.0,4017.0700.0,4168.0700.0,4172.0700.0,4173.0700.0,4285.0701.0,4025.0701.0,4026.0701.0,4027.0701.0,4028.0701.0,4030.0702.0,4022.0702.0,4023.0702.0,4024.0702.0,4158.0702.0,4160.0703.0,4018.0703.0,4021.0703.0,4157.0703.0,4158.0703.0,4159.0704.0,4017.0704.0,4168.0704.0,4172.0704.0,4281.0704.0,4283.0705.0,4019.0705.0,4020.0705.0,4282.0705.0,4284.0705.0,4408.0706.0,4280.0706.0,4281.0706.0,4283.0706.0,4303.0706.0,4304.0707.0,1010.0707.0,1011.0707.0,4046.0707.0,4049.0707.0,4063.0708.0,4087.0708.0,5213.0708.0,5452.0708.0,5455.0708.0,5458.0709.0,5478.0709.0,5479.0709.0,5482.0709.0,5483.0709.0,5484.0710.0,4063.0710.0,4064.0710.0,4065.0710.0,4086.0710.0,4204.0711.0,4192.0711.0,4193.0711.0,4198.0711.0,4202.0711.0,4203.0712.0,986.0712.0,987.0712.0,4152.0712.0,5476.0712.0,5485.0713.0,5033.0713.0,5218.0713.0,5220.0713.0,5221.0713.0,5229.0714.0,4092.0714.0,4179.0714.0,4184.0714.0,4187.0714.0,4189.0715.0,4184.0715.0,5033.0715.0,5215.0715.0,5216.0715.0,5223.0716.0,3662.0716.0,3663.0716.0,3665.0716.0,4014.0716.0,4015.0717.0,3991.0717.0,4066.0717.0,5528.0717.0,5556.0717.0,5560.0718.0,3801.0718.0,4012.0718.0,4047.0718.0,4069.0718.0,4071.0719.0,3798.0719.0,3799.0719.0,3800.0719.0,4045.0719.0,4062.0720.0,3685.0720.0,6389.0720.0,6403.0720.0,6406.0720.0,6893.0721.0,3684.0721.0,6128.0721.0,6405.0721.0,6527.0721.0,6531.0722.0,3680.0722.0,5719.0722.0,6376.0722.0,6377.0722.0,6415.0723.0,6078.0723.0,6160.0723.0,6166.0723.0,6168.0723.0,6888.0724.0,6166.0724.0,6237.0724.0,6244.0724.0,6245.0724.0,6887.0725.0,6634.0725.0,6635.0725.0,6997.0725.0,7013.0725.0,7022.0726.0,3685.0726.0,3686.0726.0,6402.0726.0,6889.0726.0,6898.0727.0,6078.0727.0,6103.0727.0,6104.0727.0,6158.0727.0,6886.0728.0,3688.0728.0,3689.0728.0,6071.0728.0,6077.0728.0,6087.0729.0,3690.0729.0,3692.0729.0,6071.0729.0,6077.0729.0,6102.0730.0,3691.0730.0,3692.0730.0,6101.0730.0,6103.0730.0,7009.0731.0,3683.0731.0,6126.0731.0,6127.0731.0,6129.0731.0,6896.0732.0,6069.0732.0,6070.0732.0,6072.0732.0,6075.0732.0,6076.0733.0,1009.0733.0,6075.0733.0,6133.0733.0,6144.0733.0,6528.0734.0,6150.0734.0,6523.0734.0,6592.0734.0,6595.0734.0,6598.0735.0,6126.0735.0,6132.0735.0,6134.0735.0,6585.0735.0,6601.0736.0,6540.0736.0,6564.0736.0,6566.0736.0,6570.0736.0,6591.0737.0,998.0737.0,5956.0737.0,5970.0737.0,5973.0737.0,6094.0738.0,6055.0738.0,6088.0738.0,6095.0738.0,6096.0738.0,6099.0739.0,999.0739.0,6026.0739.0,6049.0739.0,6052.0739.0,6053.0740.0,999.0740.0,6058.0740.0,6061.0740.0,6062.0740.0,6400.0741.0,6068.0741.0,6082.0741.0,6084.0741.0,6085.0741.0,6086.0742.0,6027.0742.0,6081.0742.0,6393.0742.0,6394.0742.0,6395.0743.0,5697.0743.0,5701.0743.0,5708.0743.0,5709.0743.0,5710.0744.0,5697.0744.0,5701.0744.0,5708.0744.0,5709.0744.0,5710.0745.0,6105.0745.0,6108.0745.0,6116.0745.0,6557.0745.0,6558.0746.0,994.0746.0,5620.0746.0,5621.0746.0,5713.0746.0,5714.0747.0,1013.0747.0,5618.0747.0,5619.0747.0,6115.0747.0,6556.0748.0,951.0748.0,3653.0748.0,6043.0748.0,6045.0748.0,6046.0749.0,6110.0749.0,6544.0749.0,6545.0749.0,6548.0749.0,6549.0750.0,5655.0750.0,5656.0750.0,6178.0750.0,7225.0750.0,7228.0751.0,5570.0751.0,5571.0751.0,5572.0751.0,6167.0751.0,6170.0752.0,3710.0752.0,5570.0752.0,7390.0752.0,7399.0752.0,7400.0753.0,5951.0753.0,5953.0753.0,5954.0753.0,5955.0753.0,5969.0754.0,5971.0754.0,5972.0754.0,5980.0754.0,6636.0754.0,6637.0755.0,5941.0755.0,5942.0755.0,5943.0755.0,5944.0755.0,5949.0756.0,3695.0756.0,3696.0756.0,3697.0756.0,5963.0756.0,6034.0757.0,1003.0757.0,6179.0757.0,6181.0757.0,6185.0757.0,6187.0758.0,1017.0758.0,5899.0758.0,6029.0758.0,6030.0758.0,6249.0759.0,6032.0759.0,6251.0759.0,6252.0759.0,6256.0759.0,6257.0760.0,5912.0760.0,6035.0760.0,6036.0760.0,6037.0760.0,6038.0761.0,5880.0761.0,5881.0761.0,5910.0761.0,5959.0761.0,5965.0762.0,5886.0762.0,5887.0762.0,5889.0762.0,5890.0762.0,5893.0763.0,5904.0763.0,5905.0763.0,5906.0763.0,5907.0763.0,5917.0764.0,5758.0764.0,5760.0764.0,5763.0764.0,5767.0764.0,5772.0765.0,5746.0765.0,5765.0765.0,5841.0765.0,6629.0765.0,6630.0766.0,5754.0766.0,5757.0766.0,5785.0766.0,5786.0766.0,5790.0767.0,3705.0767.0,3706.0767.0,5774.0767.0,5775.0767.0,5779.0768.0,5791.0768.0,5794.0768.0,5795.0768.0,5796.0768.0,5797.0769.0,5723.0769.0,5725.0769.0,5726.0769.0,5727.0769.0,5799.0770.0,5743.0770.0,5744.0770.0,5745.0770.0,5749.0770.0,5750.0771.0,5780.0771.0,5783.0771.0,5820.0771.0,5896.0771.0,5897.0772.0,5682.0772.0,5683.0772.0,5684.0772.0,5685.0772.0,5895.0773.0,5875.0773.0,5876.0773.0,5878.0773.0,5879.0773.0,5880.0774.0,5732.0774.0,5846.0774.0,5864.0774.0,5865.0774.0,5866.0775.0,5856.0775.0,5863.0775.0,5866.0775.0,5891.0775.0,5892.0776.0,5856.0776.0,5888.0776.0,5893.0776.0,5957.0776.0,5958.0777.0,5687.0777.0,5689.0777.0,5690.0777.0,5857.0777.0,5858.0778.0,5627.0778.0,5629.0778.0,5636.0778.0,5637.0778.0,5638.0779.0,6003.0779.0,6016.0779.0,6018.0779.0,6021.0779.0,6023.0780.0,5688.0780.0,5691.0780.0,5692.0780.0,5852.0780.0,5854.0781.0,1657.0781.0,5822.0781.0,6936.0781.0,6937.0781.0,6938.0782.0,5833.0782.0,5834.0782.0,5835.0782.0,5843.0782.0,7190.0783.0,5992.0783.0,5993.0783.0,5997.0783.0,6000.0783.0,6001.0784.0,6621.0784.0,6622.0784.0,6623.0784.0,6624.0784.0,6625.0785.0,6631.0785.0,6956.0785.0,6957.0785.0,6958.0785.0,6959.0786.0,6118.0786.0,6626.0786.0,6930.0786.0,6961.0786.0,6962.0787.0,6632.0787.0,6633.0787.0,6931.0787.0,6933.0787.0,6963.0788.0,2567.0788.0,6632.0788.0,6633.0788.0,6931.0788.0,6933.0789.0,1019.0789.0,6173.0789.0,6174.0789.0,6175.0789.0,6702.0790.0,6151.0790.0,6152.0790.0,6156.0790.0,6639.0790.0,6642.0791.0,6153.0791.0,6154.0791.0,6155.0791.0,6639.0791.0,6641.0792.0,5645.0792.0,5646.0792.0,6755.0792.0,6757.0792.0,6984.0793.0,6643.0793.0,6644.0793.0,6703.0793.0,6704.0793.0,6751.0794.0,6725.0794.0,6753.0794.0,6977.0794.0,6978.0794.0,6981.0795.0,6708.0795.0,6717.0795.0,6719.0795.0,6983.0795.0,6986.0796.0,6759.0796.0,6986.0796.0,6987.0796.0,6988.0796.0,6989.0797.0,5561.0797.0,6171.0797.0,6683.0797.0,6684.0797.0,6690.0798.0,6683.0798.0,6684.0798.0,6690.0798.0,6703.0798.0,6704.0799.0,6176.0799.0,6177.0799.0,6689.0799.0,6691.0799.0,6722.0800.0,6701.0800.0,6705.0800.0,6706.0800.0,6707.0800.0,6708.0801.0,1001.0801.0,3648.0801.0,3650.0801.0,6664.0801.0,6669.0802.0,6701.0802.0,6705.0802.0,6715.0802.0,6720.0802.0,6721.0803.0,6676.0803.0,6682.0803.0,6969.0803.0,6971.0803.0,6974.0804.0,6817.0804.0,6818.0804.0,6820.0804.0,6821.0804.0,6822.0805.0,6407.0805.0,6411.0805.0,6413.0805.0,6415.0805.0,6417.0806.0,6661.0806.0,6674.0806.0,6678.0806.0,7120.0806.0,7124.0807.0,6559.0807.0,6560.0807.0,6572.0807.0,7121.0807.0,7125.0808.0,6576.0808.0,6590.0808.0,6674.0808.0,6679.0808.0,6681.0809.0,3664.0809.0,3666.0809.0,4048.0809.0,4265.0809.0,4271.0810.0,5601.0810.0,5602.0810.0,5604.0810.0,6575.0810.0,6576.0811.0,1026.0811.0,6574.0811.0,6617.0811.0,7246.0811.0,7247.0812.0,5644.0812.0,5647.0812.0,6738.0812.0,6739.0812.0,6749.0813.0,7458.0813.0,7459.0813.0,7460.0813.0,7461.0813.0,7462.0814.0,5646.0814.0,6980.0814.0,6982.0814.0,6984.0814.0,7438.0815.0,6765.0815.0,6767.0815.0,6769.0815.0,6839.0815.0,6847.0816.0,1673.0816.0,7437.0816.0,7443.0816.0,7444.0816.0,7445.0817.0,1034.0817.0,1673.0817.0,6766.0817.0,6768.0817.0,7419.0818.0,5606.0818.0,6764.0818.0,6852.0818.0,7434.0818.0,7472.0819.0,6824.0819.0,6826.0819.0,6829.0819.0,6831.0819.0,6833.0820.0,6855.0820.0,6856.0820.0,6857.0820.0,6862.0820.0,6864.0821.0,6778.0821.0,7476.0821.0,7479.0821.0,7483.0821.0,7486.0822.0,6673.0822.0,6770.0822.0,6778.0822.0,6779.0822.0,6784.0823.0,6856.0823.0,6857.0823.0,6858.0823.0,6859.0823.0,6860.0824.0,6672.0824.0,6673.0824.0,6773.0824.0,6782.0824.0,6786.0825.0,4256.0825.0,4258.0825.0,4259.0825.0,4260.0825.0,4263.0826.0,3759.0826.0,3760.0826.0,3762.0826.0,3763.0826.0,3764.0827.0,3765.0827.0,4226.0827.0,4228.0827.0,4497.0827.0,5490.0828.0,4222.0828.0,4223.0828.0,4501.0828.0,4502.0828.0,4505.0829.0,6944.0829.0,6945.0829.0,6946.0829.0,6954.0829.0,6955.0830.0,6787.0830.0,6789.0830.0,6791.0830.0,6792.0830.0,6793.0831.0,6787.0831.0,6824.0831.0,6828.0831.0,6833.0831.0,6834.0832.0,3647.0832.0,6761.0832.0,6781.0832.0,6783.0832.0,7416.0833.0,6762.0833.0,6776.0833.0,6835.0833.0,6858.0833.0,6861.0834.0,4222.0834.0,4223.0834.0,4489.0834.0,4492.0834.0,4493.0835.0,877.0835.0,953.0835.0,966.0835.0,3753.0835.0,3755.0836.0,4003.0836.0,4471.0836.0,4487.0836.0,4488.0836.0,4490.0837.0,4471.0837.0,4472.0837.0,4473.0837.0,4482.0837.0,4506.0838.0,4004.0838.0,5558.0838.0,6646.0838.0,6648.0838.0,6659.0839.0,4290.0839.0,4291.0839.0,4292.0839.0,4293.0839.0,4627.0840.0,4395.0840.0,4396.0840.0,4397.0840.0,4616.0840.0,4621.0841.0,4574.0841.0,4580.0841.0,4582.0841.0,4583.0841.0,4626.0842.0,4640.0842.0,4641.0842.0,4642.0842.0,4643.0842.0,4717.0843.0,3995.0843.0,3997.0843.0,3999.0843.0,4035.0843.0,4781.0844.0,3796.0844.0,4510.0844.0,4511.0844.0,4512.0844.0,4514.0845.0,4771.0845.0,4773.0845.0,4774.0845.0,4775.0845.0,5274.0846.0,5239.0846.0,5240.0846.0,5253.0846.0,5259.0846.0,5260.0847.0,5099.0847.0,5250.0847.0,5300.0847.0,5301.0847.0,5304.0848.0,4996.0848.0,5255.0848.0,5311.0848.0,5312.0848.0,5313.0849.0,4704.0849.0,4705.0849.0,4706.0849.0,4708.0849.0,4710.0850.0,4714.0850.0,4718.0850.0,4967.0850.0,4969.0850.0,4970.0851.0,3961.0851.0,3962.0851.0,4707.0851.0,4712.0851.0,5147.0852.0,3960.0852.0,3964.0852.0,3965.0852.0,3966.0852.0,3967.0853.0,3960.0853.0,3963.0853.0,4479.0853.0,4480.0853.0,4481.0854.0,3963.0854.0,3965.0854.0,3966.0854.0,4479.0854.0,4480.0855.0,3884.0855.0,3885.0855.0,4253.0855.0,4255.0855.0,4475.0856.0,4253.0856.0,4255.0856.0,4475.0856.0,4517.0856.0,4585.0857.0,4478.0857.0,4538.0857.0,4542.0857.0,4593.0857.0,4594.0858.0,3985.0858.0,3986.0858.0,4037.0858.0,4522.0858.0,4525.0859.0,4036.0859.0,4524.0859.0,4534.0859.0,4543.0859.0,4546.0860.0,4538.0860.0,4542.0860.0,4544.0860.0,4545.0860.0,4548.0861.0,2500.0861.0,2504.0861.0,2741.0861.0,4536.0861.0,4537.0862.0,4533.0862.0,4541.0862.0,4546.0862.0,4549.0862.0,4551.0863.0,1153.0863.0,1156.0863.0,1334.0863.0,1335.0863.0,2740.0864.0,1154.0864.0,1155.0864.0,1156.0864.0,2501.0864.0,2502.0865.0,1683.0865.0,2500.0865.0,2502.0865.0,2503.0865.0,2504.0866.0,261.0866.0,2329.0866.0,8519.0866.0,9443.0867.0,128.0867.0,129.0867.0,1078.0867.0,10796.0867.0,10797.0868.0,9996.0869.0,6015.0869.0,6941.0870.0,872.0871.0,870.0871.0,6019.0871.0,6940.0872.0,6011.0873.0,12352.0873.0,12868.0873.0,12920.0874.0,12951.0875.0,1097.0876.0,144.0876.0,181.0876.0,10343.0876.0,10351.0877.0,835.0877.0,878.0877.0,3755.0878.0,877.0878.0,953.0879.0,2272.0880.0,2988.0881.0,2721.0882.0,1389.0883.0,1409.0884.0,1170.0886.0,1224.0887.0,1371.0888.0,2572.0889.0,1859.0890.0,1852.0891.0,1435.0892.0,1431.0893.0,1477.0894.0,1493.0895.0,2435.0896.0,1587.0897.0,1607.0898.0,1614.0899.0,1610.0900.0,1640.0900.0,1655.0901.0,1693.0902.0,1776.0903.0,1851.0904.0,1853.0904.0,2887.0905.0,1848.0906.0,2887.0907.0,1863.0908.0,1877.0909.0,1903.0910.0,1909.0911.0,1933.0912.0,1964.0913.0,1967.0914.0,2019.0915.0,2024.0916.0,3002.0917.0,2992.0918.0,1175.0919.0,2265.0920.0,2345.0921.0,3052.0922.0,2474.0923.0,2296.0924.0,1381.0925.0,2657.0926.0,2679.0927.0,2843.0928.0,2590.0928.0,2688.0929.0,2483.0930.0,2811.0931.0,2376.0932.0,2839.0933.0,4937.0934.0,2881.0935.0,2883.0936.0,2890.0938.0,2930.0939.0,1230.0940.0,2744.0941.0,2467.0942.0,1125.0943.0,2048.0943.0,2618.0944.0,3891.0945.0,222.0945.0,12259.0946.0,10353.0947.0,196.0947.0,217.0947.0,3531.0947.0,3535.0948.0,196.0948.0,947.0948.0,3529.0949.0,9953.0950.0,455.0950.0,3559.0951.0,748.0951.0,3653.0952.0,457.0952.0,3812.0953.0,835.0953.0,878.0953.0,966.0954.0,1093.0955.0,3888.0956.0,1337.0956.0,4519.0957.0,5448.0957.0,12973.0958.0,625.0958.0,4120.0958.0,5536.0959.0,4182.0960.0,4289.0961.0,651.0961.0,4601.0961.0,5334.0962.0,4282.0963.0,4360.0964.0,965.0965.0,5493.0966.0,835.0966.0,953.0966.0,3962.0967.0,4526.0968.0,4578.0969.0,4607.0970.0,5166.0971.0,5175.0972.0,4965.0973.0,2444.0974.0,1357.0975.0,676.0975.0,1721.0976.0,5232.0977.0,2454.0978.0,675.0978.0,5164.0979.0,3795.0980.0,620.0980.0,5036.0981.0,5252.0982.0,2847.0983.0,1339.0984.0,652.0984.0,5338.0985.0,5390.0986.0,712.0986.0,987.0987.0,712.0987.0,5486.0988.0,627.0988.0,5529.0989.0,547.0989.0,7265.0990.0,6081.0991.0,4273.0991.0,5599.0992.0,6773.0993.0,5711.0993.0,12980.0994.0,746.0994.0,5714.0994.0,12980.0995.0,5808.0996.0,5936.0997.0,5992.0998.0,737.0998.0,6092.0999.0,739.0999.0,740.0999.0,6062.01000.0,6117.01001.0,801.01001.0,6568.01002.0,990.01002.0,12977.01003.0,27.01003.0,757.01003.0,6179.01003.0,11859.01004.0,529.01004.0,6264.01004.0,6271.01005.0,570.01005.0,6647.01006.0,1008.01007.0,6466.01008.0,6928.01009.0,733.01009.0,6528.01010.0,599.01010.0,707.01010.0,4049.01011.0,599.01011.0,707.01011.0,6541.01012.0,6532.01013.0,747.01013.0,6108.01014.0,7247.01015.0,5458.01016.0,693.01016.0,5087.01017.0,758.01017.0,5839.01017.0,5872.01017.0,5882.01018.0,665.01018.0,6651.01019.0,789.01019.0,6704.01020.0,3651.01021.0,6739.01022.0,6743.01022.0,6746.01023.0,1022.01024.0,6985.01025.0,6611.01026.0,811.01026.0,6822.01027.0,6262.01028.0,7199.01029.0,572.01029.0,7091.01030.0,7246.01031.0,6453.01032.0,6373.01033.0,6032.01034.0,817.01034.0,1673.01035.0,7423.01036.0,405.01036.0,5036.01037.0,8672.01038.0,7654.01039.0,224.01039.0,7661.01039.0,10826.01040.0,238.01040.0,7656.01041.0,9809.01042.0,301.01042.0,7893.01043.0,82.01043.0,7521.01044.0,7965.01045.0,7992.01045.0,7996.01046.0,358.01046.0,8276.01046.0,12969.01047.0,9032.01048.0,618.01048.0,8410.01049.0,10837.01050.0,168.01050.0,8491.01051.0,8489.01052.0,344.01052.0,383.01052.0,9091.01053.0,9004.01054.0,8794.01055.0,395.01055.0,1312.01056.0,8949.01057.0,327.01057.0,9419.01058.0,9431.01059.0,237.01059.0,9453.01060.0,9671.01061.0,61.01061.0,9786.01062.0,9960.01063.0,10018.01064.0,5670.01065.0,3531.01065.0,10219.01066.0,10437.01067.0,178.01067.0,481.01067.0,10778.01067.0,10782.01068.0,10506.01068.0,12972.01069.0,491.01069.0,1643.01070.0,486.01070.0,487.01070.0,10516.01071.0,10505.01072.0,1632.01073.0,12654.01074.0,11479.01075.0,10577.01075.0,10592.01076.0,10607.01077.0,126.01077.0,10697.01078.0,128.01078.0,129.01078.0,867.01078.0,10795.01078.0,10797.01079.0,3384.01079.0,10805.01080.0,11098.01080.0,11099.01081.0,11218.01082.0,521.01082.0,525.01082.0,6215.01083.0,485.01083.0,11943.01084.0,225.01084.0,11469.01085.0,11517.01086.0,11798.01087.0,85.01087.0,11132.01088.0,10633.01089.0,474.01089.0,11923.01090.0,488.01090.0,11923.01091.0,510.01091.0,11392.01092.0,12127.01093.0,12360.01094.0,12492.01095.0,12566.01095.0,12579.01096.0,9672.01097.0,12955.01098.0,3480.01099.0,1521.01099.0,2516.01100.0,2562.01101.0,2412.01102.0,1798.01103.0,1797.01104.0,1253.01104.0,1466.01104.0,1467.01105.0,1318.01106.0,1107.01106.0,1504.01106.0,1595.01107.0,1594.01108.0,6623.01109.0,1661.01110.0,1111.01111.0,1114.01111.0,1116.01111.0,2073.01112.0,1116.01113.0,1116.01114.0,3205.01115.0,2075.01116.0,1111.01116.0,1115.01116.0,3105.01117.0,2027.01118.0,2173.01119.0,1118.01120.0,1122.01120.0,1123.01120.0,2822.01121.0,2312.01122.0,1120.01122.0,1123.01122.0,2826.01123.0,1120.01123.0,1121.01123.0,1122.01124.0,3121.01125.0,1127.01126.0,1124.01127.0,1126.01127.0,2517.01128.0,2918.01129.0,1130.01129.0,1566.01130.0,1129.01130.0,1348.01131.0,1132.01131.0,1997.01132.0,1131.01132.0,1453.01133.0,1104.01134.0,2693.01135.0,1707.01136.0,2381.01137.0,1138.01138.0,2668.01139.0,2389.01140.0,2895.01141.0,881.01142.0,1141.01143.0,670.01143.0,2862.01144.0,2070.01145.0,1146.01146.0,1934.01147.0,1148.01147.0,1365.01148.0,895.01148.0,1147.01148.0,1520.01149.0,1150.01150.0,1151.01150.0,1561.01150.0,3020.01151.0,1149.01151.0,2439.01152.0,2820.01153.0,863.01153.0,1335.01154.0,864.01154.0,2501.01154.0,2740.01155.0,864.01155.0,1154.01156.0,863.01156.0,864.01156.0,2580.01157.0,1161.01157.0,1162.01158.0,1164.01159.0,1157.01160.0,1158.01161.0,1160.01162.0,2453.01163.0,1159.01164.0,2448.01165.0,920.01165.0,2348.01165.0,2652.01166.0,2342.01167.0,1168.01167.0,3201.01168.0,2344.01169.0,1171.01170.0,2305.01171.0,2643.01172.0,1173.01173.0,2283.01173.0,2299.01174.0,2287.01175.0,1177.01175.0,2121.01176.0,1175.01177.0,1178.01178.0,1176.01178.0,1179.01178.0,2993.01179.0,1178.01180.0,2223.01181.0,2172.01181.0,2819.01182.0,2172.01183.0,8482.01184.0,8477.01184.0,8486.01185.0,1186.01186.0,1183.01186.0,2234.01187.0,2611.01188.0,2157.01189.0,1190.01189.0,2201.01190.0,1189.01190.0,1192.01191.0,2044.01192.0,1190.01192.0,1191.01192.0,2658.01193.0,1930.01194.0,2071.01195.0,1196.01195.0,2691.01196.0,1195.01196.0,2950.01197.0,1195.01198.0,1197.01199.0,1203.01199.0,2101.01200.0,1202.01201.0,1199.01202.0,916.01202.0,1962.01202.0,1966.01203.0,912.01204.0,1964.01204.0,1977.01204.0,1978.01205.0,1206.01205.0,1912.01205.0,1960.01206.0,928.01206.0,1205.01207.0,1205.01208.0,2071.01208.0,2971.01209.0,1210.01209.0,1839.01209.0,1920.01210.0,1209.01211.0,1959.01212.0,1216.01213.0,5236.01214.0,5163.01215.0,1216.01216.0,1213.01216.0,1214.01216.0,1215.01217.0,1216.01218.0,1220.01219.0,1218.01219.0,1698.01220.0,1218.01220.0,1219.01220.0,1221.01221.0,1694.01222.0,886.01223.0,1226.01223.0,1679.01223.0,5098.01224.0,1223.01224.0,1225.01224.0,1228.01225.0,1224.01226.0,1223.01226.0,1228.01227.0,1226.01228.0,1224.01228.0,1229.01228.0,1230.01229.0,1135.01230.0,940.01230.0,1231.01230.0,1357.01231.0,1228.01232.0,1682.01233.0,1235.01234.0,2579.01235.0,1234.01235.0,1236.01236.0,1232.01236.0,1235.01237.0,1233.01238.0,1308.01239.0,1246.01240.0,1246.01241.0,1244.01241.0,1645.01241.0,1648.01242.0,1488.01243.0,2557.01244.0,1241.01244.0,1245.01244.0,1246.01245.0,1246.01246.0,1242.01246.0,1244.01246.0,1244.01246.0,2555.01248.0,1647.01248.0,10258.01249.0,897.01249.0,1251.01250.0,1249.01251.0,1495.01252.0,1453.01253.0,1255.01254.0,1255.01254.0,2697.01255.0,1104.01255.0,1256.01255.0,1257.01256.0,1254.01257.0,1255.01257.0,1259.01257.0,1455.01258.0,1259.01259.0,1257.01259.0,1469.01260.0,1406.01261.0,891.01261.0,1447.01262.0,1265.01262.0,1266.01263.0,1264.01263.0,1266.01263.0,2686.01265.0,1310.01266.0,1263.01266.0,1265.01267.0,1268.01267.0,1269.01267.0,1272.01268.0,1267.01268.0,1270.01269.0,1267.01269.0,1272.01269.0,1412.01270.0,1780.01271.0,1268.01271.0,1270.01272.0,1267.01272.0,1269.01272.0,1408.01273.0,1276.01273.0,3060.01274.0,2195.01275.0,1277.01276.0,1273.01276.0,1275.01277.0,1274.01277.0,2979.01277.0,2980.01278.0,2195.01279.0,1278.01280.0,1568.01280.0,1570.01281.0,1481.01281.0,1482.01282.0,1550.01283.0,3175.01284.0,1283.01284.0,2924.01285.0,1283.01286.0,1663.01286.0,1665.01287.0,1288.01287.0,1289.01288.0,1667.01289.0,1287.01289.0,1663.01289.0,2567.01289.0,3086.01290.0,1289.01291.0,1588.01292.0,2799.01293.0,1420.01294.0,1349.01295.0,1296.01296.0,1294.01296.0,1297.01297.0,1296.01297.0,1573.01298.0,1301.01299.0,1298.01299.0,1672.01300.0,1306.01301.0,1303.01301.0,1333.01302.0,1298.01302.0,1672.01303.0,1299.01303.0,4038.01304.0,1302.01305.0,1371.01306.0,1304.01307.0,1308.01307.0,2585.01308.0,1307.01308.0,1309.01309.0,887.01311.0,1554.01312.0,1316.01313.0,1315.01313.0,1316.01313.0,2435.01314.0,1313.01314.0,2432.01315.0,1563.01316.0,1313.01316.0,1315.01316.0,1317.01317.0,8797.01318.0,1106.01318.0,1594.01319.0,1648.01320.0,1326.01320.0,2790.01321.0,1324.01321.0,1325.01321.0,1330.01322.0,1327.01322.0,1328.01323.0,1324.01324.0,1321.01324.0,2130.01324.0,2637.01325.0,2611.01326.0,2613.01327.0,3004.01328.0,1327.01328.0,1329.01329.0,1328.01329.0,2127.01329.0,2129.01330.0,1321.01330.0,2640.01331.0,1321.01332.0,1167.01333.0,992.01333.0,1305.01333.0,1337.01334.0,863.01334.0,1335.01334.0,2572.01334.0,4533.01335.0,863.01335.0,1155.01335.0,1156.01335.0,1334.01336.0,1303.01337.0,956.01337.0,1333.01337.0,1336.01338.0,1341.01338.0,2835.01339.0,1344.01340.0,2835.01341.0,1338.01341.0,4817.01342.0,1343.01343.0,2735.01344.0,1342.01345.0,1347.01346.0,2295.01347.0,2306.01348.0,1295.01349.0,1130.01350.0,2429.01351.0,1353.01351.0,1356.01352.0,1356.01353.0,1351.01353.0,3025.01354.0,1353.01355.0,2442.01356.0,1351.01356.0,1355.01356.0,4743.01357.0,1230.01357.0,3026.01357.0,4780.01358.0,2441.01358.0,3030.01358.0,3033.01359.0,1360.01360.0,2074.01361.0,3103.01362.0,2072.01363.0,2278.01363.0,2322.01363.0,2644.01364.0,1363.01365.0,1366.01366.0,1148.01366.0,2384.01367.0,1368.01367.0,1370.01368.0,1367.01368.0,2528.01369.0,1367.01370.0,1523.01371.0,1238.01371.0,1372.01371.0,1670.01372.0,1371.01372.0,1669.01372.0,3039.01373.0,1792.01374.0,1804.01375.0,1801.01376.0,1499.01377.0,1613.01378.0,1377.01379.0,1385.01380.0,1498.01381.0,1384.01382.0,2552.01383.0,1385.01384.0,1385.01385.0,1379.01385.0,1380.01385.0,1382.01385.0,2910.01386.0,2878.01386.0,2880.01387.0,890.01387.0,1845.01388.0,1845.01389.0,903.01390.0,1220.01391.0,1178.01392.0,1393.01392.0,1396.01393.0,3173.01394.0,1392.01394.0,1393.01395.0,1396.01396.0,1392.01396.0,2414.01397.0,1398.01397.0,1474.01397.0,2895.01399.0,2661.01400.0,1401.01401.0,1404.01402.0,1405.01403.0,1406.01404.0,1399.01404.0,1406.01405.0,1403.01405.0,1435.01405.0,1437.01406.0,1260.01406.0,1402.01406.0,1407.01407.0,1404.01408.0,1272.01409.0,1414.01410.0,882.01411.0,1413.01411.0,1416.01412.0,1269.01412.0,1414.01412.0,1415.01413.0,1415.01413.0,1416.01414.0,1410.01414.0,1412.01414.0,1415.01415.0,1412.01415.0,1413.01415.0,1414.01416.0,3149.01417.0,1844.01418.0,1588.01419.0,1422.01419.0,3153.01420.0,1291.01420.0,1422.01420.0,1592.01421.0,1420.01422.0,1292.01422.0,1420.01422.0,1423.01423.0,1419.01424.0,1592.01425.0,1426.01426.0,1429.01426.0,1430.01427.0,892.01428.0,1575.01429.0,1400.01430.0,1426.01430.0,1564.01431.0,1432.01432.0,1433.01432.0,1451.01433.0,1428.01434.0,1514.01435.0,1261.01435.0,1405.01435.0,1440.01436.0,1405.01436.0,1437.01437.0,3150.01438.0,1435.01438.0,1439.01439.0,3066.01440.0,1439.01441.0,1895.01442.0,1444.01442.0,1910.01443.0,1442.01444.0,1442.01444.0,1883.01444.0,1885.01444.0,1892.01445.0,1940.01446.0,1261.01447.0,2890.01448.0,2889.01448.0,3007.01449.0,1450.01450.0,1432.01450.0,2511.01451.0,1449.01452.0,1448.01453.0,1590.01453.0,1887.01453.0,3065.01454.0,1464.01455.0,1457.01456.0,1458.01457.0,1459.01457.0,1460.01457.0,1461.01458.0,1457.01459.0,1463.01460.0,1257.01461.0,1457.01461.0,2696.01462.0,1456.01463.0,1462.01463.0,1469.01463.0,2066.01464.0,1463.01465.0,1252.01465.0,1466.01466.0,1104.01466.0,1465.01467.0,914.01468.0,1454.01469.0,1258.01469.0,1468.01470.0,1105.01470.0,1471.01471.0,1473.01472.0,1471.01472.0,1501.01473.0,1397.01473.0,1474.01474.0,2685.01475.0,1502.01476.0,1595.01477.0,1476.01477.0,2707.01478.0,893.01479.0,1477.01479.0,1480.01479.0,2515.01480.0,1479.01481.0,1482.01481.0,2515.01482.0,1281.01482.0,2914.01482.0,3160.01483.0,1481.01484.0,1486.01484.0,1489.01484.0,2711.01485.0,1239.01486.0,1488.01487.0,1484.01487.0,1486.01488.0,1484.01488.0,1485.01488.0,2712.01489.0,1492.01490.0,1484.01491.0,1619.01492.0,1490.01492.0,1493.01492.0,1494.01493.0,1491.01493.0,1492.01494.0,1250.01495.0,1492.01496.0,894.01497.0,1383.01498.0,1378.01499.0,1497.01500.0,1539.01501.0,3182.01502.0,1105.01502.0,1501.01503.0,1550.01504.0,1503.01505.0,1524.01506.0,2676.01507.0,2891.01508.0,1509.01509.0,1507.01509.0,1522.01509.0,1524.01510.0,2539.01511.0,2728.01512.0,1527.01513.0,1508.01513.0,1582.01514.0,1516.01515.0,944.01516.0,1518.01517.0,2733.01517.0,2898.01518.0,1517.01519.0,1148.01520.0,1099.01521.0,1519.01522.0,1369.01523.0,1509.01524.0,1506.01524.0,1509.01524.0,1555.01525.0,1475.01525.0,2895.01526.0,1527.01526.0,1541.01527.0,1526.01527.0,1534.01527.0,2728.01528.0,1106.01529.0,1500.01530.0,1282.01531.0,1548.01532.0,1543.01533.0,1552.01534.0,1527.01535.0,2527.01536.0,10341.01537.0,2524.01538.0,2396.01539.0,1530.01540.0,1526.01540.0,1544.01541.0,1540.01542.0,1544.01542.0,1559.01543.0,1531.01543.0,2716.01543.0,2724.01544.0,1540.01544.0,1542.01545.0,1550.01546.0,2903.01547.0,1545.01548.0,1550.01549.0,1532.01550.0,1528.01550.0,1529.01550.0,1549.01550.0,1551.01551.0,1546.01552.0,1547.01552.0,2897.01553.0,2726.01554.0,1524.01555.0,2421.01556.0,2537.01557.0,1556.01557.0,1558.01557.0,2725.01558.0,1557.01558.0,2896.01559.0,2896.01560.0,2395.01561.0,1150.01562.0,2432.01563.0,1147.01564.0,1566.01565.0,1566.01566.0,1129.01566.0,1567.01566.0,2649.01567.0,1430.01568.0,1569.01569.0,1280.01569.0,1911.01570.0,1280.01570.0,1571.01570.0,2959.01571.0,2959.01572.0,1297.01572.0,1434.01572.0,1581.01572.0,2893.01573.0,1572.01574.0,1575.01574.0,1576.01575.0,1427.01575.0,1574.01575.0,2892.01576.0,1580.01577.0,1574.01578.0,1577.01579.0,1572.01580.0,1515.01581.0,1584.01582.0,1583.01583.0,1584.01583.0,1585.01584.0,1583.01584.0,1586.01585.0,1513.01586.0,1572.01587.0,1847.01587.0,1851.01587.0,1889.01588.0,1293.01588.0,1417.01588.0,1592.01589.0,1424.01589.0,1590.01590.0,1453.01590.0,1589.01591.0,2510.01592.0,1421.01592.0,1588.01592.0,1589.01593.0,1598.01594.0,3162.01595.0,1106.01595.0,1478.01595.0,1598.01596.0,1593.01596.0,1597.01597.0,1472.01598.0,1595.01598.0,1597.01599.0,1601.01600.0,1599.01600.0,1608.01601.0,1602.01602.0,1603.01602.0,3078.01603.0,1600.01604.0,1249.01605.0,1604.01606.0,1605.01607.0,1606.01607.0,1652.01608.0,1600.01608.0,1609.01608.0,1630.01608.0,2553.01609.0,899.01610.0,1618.01611.0,12050.01612.0,1376.01613.0,1621.01614.0,1616.01615.0,1608.01616.0,1615.01617.0,898.01618.0,1496.01619.0,1617.01620.0,1652.01621.0,1620.01622.0,1624.01622.0,1634.01622.0,1642.01622.0,11481.01623.0,1622.01623.0,1625.01624.0,1623.01625.0,10512.01626.0,900.01626.0,1629.01627.0,1626.01628.0,1626.01629.0,1636.01630.0,1633.01631.0,3183.01632.0,1633.01633.0,1608.01633.0,1611.01634.0,1635.01635.0,2710.01636.0,1628.01637.0,1638.01638.0,1639.01638.0,1655.01638.0,3070.01639.0,2714.01640.0,1627.01641.0,900.01642.0,491.01642.0,1643.01643.0,491.01643.0,1622.01643.0,11474.01644.0,1241.01645.0,1647.01646.0,1647.01646.0,3180.01647.0,1247.01647.0,1644.01647.0,1646.01648.0,1243.01648.0,1649.01648.0,2556.01649.0,1241.01650.0,1612.01651.0,1607.01652.0,1650.01652.0,1651.01653.0,1641.01654.0,1653.01655.0,1638.01655.0,1654.01655.0,6937.01656.0,1655.01657.0,781.01657.0,1656.01658.0,5997.01659.0,1662.01660.0,1659.01661.0,1660.01662.0,1108.01663.0,1664.01663.0,1665.01664.0,1289.01665.0,1286.01665.0,2923.01665.0,2926.01666.0,1667.01667.0,1668.01667.0,3086.01667.0,6639.01668.0,1287.01669.0,1372.01669.0,5607.01670.0,1333.01671.0,888.01671.0,1304.01672.0,1671.01672.0,4584.01673.0,816.01673.0,817.01673.0,7419.01673.0,7437.01674.0,1766.01675.0,1756.01676.0,1674.01676.0,1675.01676.0,2578.01677.0,1678.01678.0,1223.01678.0,1677.01678.0,1680.01679.0,1678.01680.0,901.01681.0,1678.01682.0,4559.01683.0,865.01683.0,1236.01684.0,1690.01685.0,1684.01686.0,4554.01687.0,1685.01688.0,2571.01689.0,1686.01690.0,1688.01690.0,1689.01691.0,1681.01692.0,1691.01693.0,4775.01694.0,1696.01695.0,1696.01696.0,1390.01696.0,1697.01697.0,1695.01697.0,2587.01698.0,2483.01699.0,1219.01700.0,5264.01701.0,975.01702.0,1720.01703.0,1704.01703.0,4945.01704.0,1705.01704.0,3051.01705.0,1703.01706.0,2458.01707.0,1714.01708.0,2464.01709.0,1714.01710.0,5236.01711.0,5235.01712.0,929.01713.0,1716.01713.0,1742.01714.0,1708.01714.0,2483.01714.0,2742.01715.0,1709.01716.0,1713.01716.0,2942.01716.0,2943.01717.0,1716.01718.0,1719.01718.0,1755.01719.0,1701.01719.0,1718.01720.0,1719.01721.0,676.01721.0,1702.01721.0,1729.01722.0,676.01722.0,1724.01722.0,1737.01723.0,5356.01724.0,1722.01724.0,1725.01724.0,1730.01725.0,1722.01725.0,1723.01725.0,1724.01726.0,1727.01726.0,1728.01726.0,2462.01727.0,1726.01727.0,1728.01727.0,2746.01728.0,1726.01728.0,1727.01728.0,2747.01729.0,1721.01729.0,1730.01730.0,1724.01730.0,1729.01731.0,676.01731.0,1725.01732.0,2866.01733.0,3041.01734.0,1732.01735.0,1733.01736.0,1722.01737.0,2866.01738.0,2940.01739.0,2745.01740.0,1739.01741.0,1742.01742.0,1717.01742.0,1741.01742.0,1743.01743.0,1744.01744.0,1742.01744.0,3088.01745.0,1746.01745.0,1751.01746.0,2492.01747.0,1745.01747.0,1746.01748.0,3091.01749.0,1748.01749.0,1754.01750.0,1748.01750.0,1749.01751.0,1745.01752.0,1753.01753.0,1755.01754.0,1749.01755.0,1718.01755.0,1752.01756.0,1759.01757.0,2587.01758.0,1765.01759.0,1676.01759.0,1760.01760.0,1759.01760.0,1763.01760.0,3242.01761.0,1763.01762.0,1764.01762.0,1767.01763.0,1760.01763.0,1761.01763.0,1764.01764.0,1763.01764.0,1767.01765.0,1676.01766.0,1757.01767.0,3254.01769.0,1788.01770.0,1772.01771.0,1772.01771.0,1773.01772.0,1769.01772.0,1771.01773.0,1768.01773.0,1771.01773.0,1775.01773.0,1776.01774.0,1773.01774.0,1775.01776.0,1774.01776.0,1777.01776.0,1792.01778.0,1411.01778.0,1779.01780.0,1781.01780.0,1787.01782.0,1778.01783.0,1786.01784.0,1782.01784.0,1785.01785.0,1782.01785.0,1788.01785.0,1789.01786.0,1386.01787.0,1786.01787.0,2871.01788.0,1770.01788.0,1785.01788.0,1789.01789.0,1785.01789.0,1788.01789.0,2872.01791.0,1804.01792.0,902.01792.0,1791.01792.0,1794.01793.0,1798.01793.0,1809.01793.0,1818.01794.0,1799.01795.0,1792.01796.0,1793.01797.0,1804.01798.0,1103.01798.0,1795.01798.0,1796.01799.0,1798.01800.0,1374.01801.0,1805.01802.0,1803.01803.0,1820.01804.0,1102.01804.0,1373.01804.0,1375.01805.0,1807.01806.0,1800.01807.0,1869.01808.0,1813.01809.0,1810.01810.0,1793.01810.0,2601.01811.0,1815.01812.0,1817.01813.0,1802.01813.0,1815.01813.0,2754.01814.0,1816.01815.0,1812.01815.0,1813.01815.0,1819.01816.0,1815.01817.0,1814.01818.0,2757.01819.0,1811.01820.0,1808.01821.0,1874.01822.0,2597.01823.0,2597.01824.0,2751.01825.0,1824.01825.0,1827.01825.0,2755.01826.0,2753.01827.0,1826.01828.0,3094.01829.0,1828.01829.0,1869.01829.0,1878.01830.0,3048.01831.0,3046.01832.0,3048.01833.0,1855.01834.0,3049.01835.0,1839.01836.0,1865.01837.0,1210.01837.0,1839.01837.0,1840.01838.0,1837.01839.0,1209.01839.0,1836.01839.0,1837.01840.0,1196.01840.0,1838.01840.0,2972.01841.0,1920.01842.0,1845.01843.0,1418.01844.0,1842.01844.0,1843.01844.0,1896.01845.0,1387.01845.0,1444.01845.0,1844.01846.0,1587.01847.0,2887.01848.0,1853.01849.0,1854.01850.0,906.01851.0,883.01851.0,1846.01851.0,1852.01852.0,1387.01852.0,1851.01853.0,904.01853.0,1850.01853.0,1854.01854.0,1850.01854.0,1853.01854.0,1899.01855.0,1867.01856.0,1865.01857.0,907.01858.0,1861.01858.0,1867.01858.0,3108.01859.0,1832.01860.0,1830.01861.0,3209.01862.0,1864.01863.0,1867.01864.0,1865.01865.0,889.01865.0,1835.01865.0,1857.01866.0,1862.01867.0,1858.01867.0,1860.01867.0,1866.01868.0,1806.01869.0,1829.01869.0,1868.01869.0,1870.01870.0,3050.01871.0,1869.01872.0,1874.01872.0,2599.01872.0,2600.01873.0,1872.01874.0,1822.01874.0,1873.01874.0,1876.01874.0,1924.01875.0,908.01876.0,1877.01877.0,1874.01877.0,1875.01877.0,1922.01878.0,885.01878.0,1829.01878.0,3099.01880.0,1879.01881.0,1880.01881.0,1882.01882.0,1880.01882.0,3042.01882.0,3231.01883.0,1388.01884.0,1444.01885.0,1444.01885.0,2963.01886.0,1885.01887.0,1132.01888.0,1587.01889.0,1910.01890.0,1901.01890.0,1908.01891.0,1892.01891.0,1894.01892.0,1884.01892.0,1891.01892.0,1893.01893.0,1892.01893.0,2962.01893.0,2964.01894.0,1891.01894.0,1935.01894.0,2956.01895.0,1898.01895.0,1989.01896.0,1441.01897.0,1844.01898.0,1897.01899.0,2692.01900.0,1890.01901.0,1900.01902.0,1958.01903.0,1900.01903.0,1902.01903.0,2195.01904.0,1903.01905.0,1907.01906.0,1908.01907.0,2800.01908.0,910.01908.0,1905.01909.0,1211.01909.0,1908.01910.0,1443.01910.0,1888.01910.0,2801.01910.0,2967.01911.0,2966.01912.0,2689.01913.0,1205.01915.0,1918.01916.0,1934.01917.0,1915.01917.0,1916.01917.0,3133.01918.0,1914.01918.0,2630.01918.0,2764.01919.0,1918.01920.0,1209.01920.0,1921.01921.0,1841.01922.0,1923.01923.0,1877.01923.0,2595.01924.0,1874.01924.0,1925.01924.0,2748.01925.0,1924.01925.0,1927.01925.0,2603.01926.0,2605.01927.0,1925.01927.0,2753.01927.0,2757.01928.0,2068.01929.0,1930.01930.0,1194.01930.0,1928.01930.0,2973.01931.0,2070.01932.0,911.01933.0,1931.01933.0,1934.01933.0,2071.01934.0,1144.01934.0,1917.01934.0,1933.01935.0,1894.01935.0,2951.01935.0,2962.01936.0,1569.01937.0,1938.01938.0,1946.01939.0,1935.01940.0,1942.01940.0,1943.01941.0,1910.01942.0,1993.01943.0,1940.01943.0,1945.01944.0,1947.01945.0,2002.01946.0,1947.01947.0,1940.01947.0,1950.01947.0,1998.01948.0,1980.01948.0,1999.01949.0,1943.01950.0,1951.01951.0,1943.01952.0,9706.01953.0,1954.01954.0,2090.01955.0,1956.01956.0,1952.01957.0,1958.01958.0,909.01958.0,1961.01959.0,1207.01959.0,1909.01959.0,1957.01960.0,1959.01961.0,1959.01962.0,1965.01963.0,1200.01964.0,1201.01964.0,1204.01965.0,2048.01966.0,1202.01966.0,2782.01967.0,1969.01967.0,1970.01968.0,1973.01969.0,2087.01970.0,1969.01970.0,2047.01971.0,2103.01971.0,2994.01972.0,1971.01973.0,1972.01973.0,2045.01974.0,913.01975.0,1976.01975.0,2047.01976.0,1977.01977.0,1204.01977.0,1975.01977.0,1978.01978.0,1204.01978.0,1977.01978.0,1979.01979.0,1978.01979.0,3137.01980.0,2083.01981.0,2097.01982.0,2014.01983.0,2011.01984.0,1981.01984.0,1988.01984.0,2000.01985.0,2096.01986.0,1985.01987.0,1983.01988.0,2083.01989.0,1991.01990.0,1992.01991.0,1131.01991.0,1895.01991.0,1993.01992.0,1993.01992.0,1994.01992.0,2961.01993.0,1445.01993.0,1991.01993.0,1992.01994.0,2965.01995.0,2000.01996.0,1984.01997.0,1991.01998.0,1947.01998.0,1948.01998.0,2001.01998.0,2007.01999.0,1998.02000.0,1982.02000.0,1996.02000.0,3146.02001.0,2004.02002.0,1949.02002.0,2004.02002.0,2954.02003.0,2004.02004.0,1998.02004.0,2002.02004.0,2006.02004.0,2957.02005.0,2003.02006.0,3063.02007.0,3145.02008.0,2009.02009.0,1986.02010.0,2014.02010.0,3144.02011.0,2012.02012.0,2010.02013.0,2808.02013.0,3147.02014.0,2000.02014.0,3139.02015.0,2032.02016.0,2777.02017.0,2776.02018.0,1133.02019.0,2118.02021.0,2025.02021.0,2187.02022.0,2025.02022.0,2026.02022.0,2183.02023.0,2024.02024.0,2025.02024.0,2026.02024.0,2147.02024.0,2178.02025.0,2021.02025.0,2022.02025.0,2024.02026.0,915.02026.0,1119.02026.0,2022.02026.0,2639.02027.0,2026.02028.0,2077.02028.0,2621.02029.0,2623.02030.0,2082.02031.0,2013.02031.0,3132.02032.0,2016.02032.0,2033.02032.0,2143.02033.0,2032.02033.0,2144.02034.0,2032.02035.0,2144.02036.0,2033.02037.0,2775.02038.0,1966.02039.0,2040.02039.0,2614.02040.0,2037.02040.0,2041.02040.0,2785.02041.0,2039.02042.0,2043.02043.0,2114.02044.0,1192.02044.0,2117.02044.0,2157.02045.0,2047.02046.0,2049.02047.0,1970.02047.0,1975.02047.0,2046.02048.0,1963.02048.0,3138.02049.0,1972.02049.0,2045.02050.0,2060.02050.0,2116.02051.0,2052.02052.0,2053.02053.0,2064.02053.0,2115.02054.0,2064.02055.0,2057.02055.0,2779.02056.0,2054.02057.0,2055.02057.0,2063.02057.0,2788.02058.0,2065.02059.0,2056.02059.0,2062.02060.0,2050.02060.0,2064.02060.0,2774.02061.0,2060.02062.0,2059.02062.0,2063.02063.0,2057.02063.0,2062.02064.0,2053.02064.0,2058.02064.0,2060.02065.0,2059.02066.0,2118.02067.0,2070.02068.0,2081.02069.0,3205.02070.0,1145.02070.0,1933.02070.0,2069.02071.0,1193.02071.0,1208.02071.0,1932.02072.0,1110.02073.0,2159.02074.0,1112.02074.0,1362.02075.0,2074.02076.0,2028.02077.0,2076.02077.0,2082.02077.0,2949.02078.0,2080.02079.0,2078.02079.0,2768.02080.0,2079.02080.0,2081.02081.0,1929.02081.0,2080.02081.0,2773.02082.0,2029.02082.0,2077.02082.0,2977.02083.0,1948.02083.0,1984.02084.0,2098.02085.0,1987.02086.0,2091.02087.0,2086.02087.0,2095.02088.0,2083.02089.0,1955.02090.0,2084.02091.0,2089.02092.0,2093.02092.0,2094.02093.0,1968.02094.0,2093.02094.0,2095.02095.0,2086.02095.0,2098.02096.0,2099.02097.0,2085.02097.0,2094.02098.0,2088.02098.0,2097.02099.0,2092.02100.0,1199.02101.0,2103.02102.0,1974.02102.0,2103.02102.0,2777.02103.0,2100.02103.0,2102.02103.0,2136.02104.0,1188.02104.0,2108.02105.0,2107.02105.0,2119.02105.0,2244.02106.0,2112.02107.0,2105.02107.0,2106.02108.0,2104.02108.0,2112.02108.0,2203.02109.0,2108.02110.0,2107.02111.0,2112.02112.0,2109.02112.0,2110.02112.0,2239.02113.0,2114.02113.0,2116.02114.0,2042.02114.0,2113.02115.0,2051.02115.0,2659.02116.0,2050.02116.0,2113.02116.0,2117.02117.0,2044.02117.0,2116.02118.0,1051.02118.0,1134.02118.0,2018.02119.0,2120.02120.0,2123.02121.0,918.02121.0,2122.02122.0,2123.02123.0,2121.02123.0,2124.02124.0,2105.02125.0,3221.02126.0,2125.02126.0,2250.02127.0,1329.02127.0,2129.02127.0,2131.02128.0,2127.02129.0,1329.02129.0,2127.02129.0,2789.02130.0,2134.02131.0,2128.02131.0,2134.02132.0,2134.02133.0,3003.02134.0,1323.02134.0,2131.02134.0,2133.02135.0,2189.02136.0,2135.02137.0,2150.02138.0,2137.02139.0,2142.02140.0,2138.02141.0,2149.02142.0,2140.02142.0,2141.02143.0,2149.02144.0,2036.02144.0,2145.02144.0,2147.02145.0,2144.02145.0,2185.02147.0,2024.02147.0,2146.02148.0,2139.02149.0,2034.02149.0,2142.02149.0,2235.02150.0,2147.02150.0,2148.02151.0,2153.02152.0,2156.02153.0,2154.02153.0,2638.02154.0,2155.02155.0,2173.02156.0,2151.02157.0,2044.02157.0,2104.02158.0,1111.02159.0,1359.02160.0,2163.02160.0,2190.02161.0,2224.02162.0,2171.02163.0,2160.02163.0,2162.02164.0,2161.02164.0,2190.02164.0,2193.02165.0,2172.02166.0,2165.02167.0,2163.02168.0,2166.02168.0,2171.02169.0,2168.02170.0,2168.02171.0,2167.02171.0,2169.02171.0,2179.02172.0,1180.02172.0,1181.02172.0,2170.02172.0,2818.02173.0,1117.02173.0,2152.02173.0,2236.02174.0,2173.02175.0,2236.02176.0,2023.02177.0,2176.02178.0,2175.02179.0,2171.02179.0,2224.02180.0,2179.02181.0,2102.02182.0,2997.02183.0,2022.02183.0,2182.02183.0,2187.02183.0,2238.02184.0,2145.02184.0,2186.02185.0,2184.02186.0,2181.02186.0,2184.02186.0,2189.02187.0,2021.02187.0,2183.02187.0,2188.02188.0,2186.02189.0,2186.02189.0,2187.02189.0,2997.02190.0,2160.02190.0,2191.02191.0,2192.02192.0,2194.02192.0,2638.02194.0,2164.02195.0,1277.02195.0,1903.02195.0,3125.02196.0,2198.02197.0,2108.02198.0,2197.02198.0,2199.02198.0,2210.02199.0,2198.02199.0,2200.02200.0,1189.02201.0,2199.02202.0,2198.02203.0,2196.02204.0,2206.02205.0,2228.02206.0,2230.02207.0,2204.02207.0,2211.02207.0,2212.02208.0,2207.02209.0,2207.02210.0,2209.02211.0,917.02212.0,2202.02213.0,2221.02213.0,2794.02214.0,2215.02214.0,2216.02214.0,2818.02215.0,2214.02215.0,2216.02215.0,2825.02216.0,1120.02216.0,2214.02216.0,2215.02217.0,2218.02218.0,2219.02218.0,2817.02219.0,2222.02220.0,2221.02220.0,2224.02221.0,2217.02221.0,2220.02221.0,2791.02222.0,2221.02223.0,1182.02223.0,2226.02224.0,2164.02224.0,2180.02224.0,2220.02224.0,2227.02225.0,2224.02226.0,2223.02226.0,2225.02227.0,2226.02228.0,2207.02229.0,2787.02230.0,2205.02230.0,2213.02230.0,2229.02231.0,1187.02232.0,2229.02232.0,2230.02233.0,1919.02234.0,2236.02235.0,2149.02235.0,2236.02236.0,1186.02236.0,2174.02236.0,2177.02236.0,2237.02237.0,2235.02238.0,2637.02239.0,2241.02240.0,2242.02241.0,2242.02242.0,2111.02242.0,2243.02243.0,2105.02244.0,2240.02245.0,2246.02245.0,2247.02245.0,2252.02246.0,2245.02247.0,2245.02247.0,2252.02247.0,2259.02248.0,2823.02249.0,2248.02249.0,2251.02250.0,2249.02251.0,2248.02251.0,2252.02252.0,2245.02252.0,2247.02252.0,2251.02253.0,2125.02253.0,3204.02254.0,2255.02254.0,2259.02255.0,2253.02256.0,2259.02257.0,3203.02258.0,2255.02259.0,2247.02259.0,2257.02259.0,2258.02260.0,2275.02261.0,2262.02261.0,2268.02261.0,2311.02262.0,2261.02262.0,2264.02262.0,2268.02263.0,2264.02264.0,2260.02264.0,2262.02264.0,2356.02265.0,2264.02266.0,2269.02267.0,2308.02268.0,2261.02268.0,2262.02268.0,2988.02269.0,879.02270.0,2271.02271.0,2365.02272.0,2273.02273.0,2312.02274.0,2277.02275.0,919.02275.0,2274.02276.0,2275.02277.0,2646.02278.0,2276.02279.0,1172.02279.0,2288.02279.0,2292.02280.0,2294.02281.0,2292.02282.0,2284.02283.0,2279.02284.0,2279.02285.0,2289.02285.0,2304.02286.0,2285.02287.0,2286.02288.0,2290.02289.0,2299.02290.0,2282.02290.0,2301.02291.0,2290.02292.0,2279.02292.0,2280.02292.0,2293.02293.0,1169.02294.0,2281.02294.0,2301.02295.0,2300.02296.0,2297.02296.0,2514.02297.0,1345.02297.0,2296.02297.0,2299.02298.0,2299.02299.0,1173.02299.0,1174.02299.0,2297.02299.0,2298.02300.0,2297.02301.0,2291.02301.0,2294.02301.0,2302.02301.0,2304.02302.0,2294.02302.0,2301.02302.0,2303.02303.0,2302.02303.0,2330.02304.0,2285.02304.0,2301.02304.0,2327.02304.0,2330.02305.0,2292.02306.0,237.02306.0,1346.02306.0,2325.02306.0,2326.02307.0,2306.02308.0,2645.02309.0,2266.02310.0,2359.02311.0,2261.02311.0,2270.02311.0,2312.02312.0,1123.02312.0,2311.02312.0,2786.02313.0,2316.02313.0,2317.02314.0,2322.02315.0,2702.02316.0,2313.02316.0,2315.02317.0,2313.02317.0,2314.02318.0,2338.02318.0,2701.02319.0,2318.02319.0,2323.02319.0,2699.02319.0,2700.02320.0,2358.02321.0,2821.02322.0,923.02322.0,1364.02322.0,2317.02323.0,2324.02324.0,2319.02324.0,2364.02325.0,237.02325.0,1059.02326.0,2328.02327.0,2307.02328.0,2304.02329.0,261.02329.0,866.02329.0,2331.02330.0,2303.02330.0,2304.02330.0,2329.02331.0,2330.02332.0,324.02332.0,2334.02333.0,319.02333.0,324.02333.0,2335.02333.0,9244.02334.0,319.02334.0,324.02334.0,2333.02335.0,319.02335.0,2336.02336.0,2340.02337.0,325.02337.0,2332.02338.0,2339.02339.0,2337.02340.0,2318.02341.0,2349.02342.0,2369.02343.0,2341.02344.0,1167.02344.0,2345.02345.0,2346.02345.0,2347.02346.0,1165.02347.0,2344.02348.0,1165.02348.0,2349.02349.0,1166.02349.0,2348.02350.0,2351.02350.0,2352.02350.0,2665.02351.0,2350.02351.0,2352.02351.0,2379.02352.0,2350.02352.0,2351.02352.0,3214.02353.0,2642.02354.0,2356.02354.0,2651.02355.0,2354.02356.0,2355.02356.0,2357.02356.0,2368.02356.0,2372.02357.0,2263.02358.0,2354.02359.0,2353.02359.0,2362.02359.0,2650.02359.0,3011.02360.0,384.02360.0,2362.02361.0,2362.02362.0,2359.02362.0,3954.02362.0,9675.02363.0,2364.02363.0,2642.02364.0,2324.02364.0,2363.02365.0,2267.02366.0,2356.02367.0,2343.02368.0,2366.02368.0,2371.02368.0,2675.02369.0,2371.02370.0,2367.02371.0,2368.02371.0,2370.02371.0,2372.02372.0,2356.02372.0,2371.02373.0,2382.02374.0,3018.02375.0,2668.02376.0,2377.02377.0,3009.02378.0,2650.02379.0,2351.02379.0,3212.02380.0,1137.02381.0,2516.02382.0,2374.02382.0,2386.02383.0,2382.02383.0,2673.02384.0,2378.02385.0,1366.02386.0,3010.02386.0,3012.02387.0,1099.02388.0,2389.02389.0,1139.02389.0,1350.02389.0,2431.02389.0,3022.02390.0,2388.02391.0,2398.02391.0,2404.02391.0,2406.02392.0,2400.02393.0,438.02393.0,2407.02393.0,8773.02394.0,1537.02395.0,2394.02396.0,2530.02397.0,2392.02398.0,2399.02399.0,2400.02400.0,2391.02400.0,2403.02401.0,1100.02402.0,2401.02402.0,2404.02402.0,2411.02403.0,8861.02404.0,2391.02404.0,2402.02404.0,2406.02405.0,1054.02406.0,2391.02406.0,2393.02406.0,2404.02406.0,2405.02407.0,2406.02408.0,2402.02409.0,2406.02410.0,2402.02411.0,2432.02412.0,2408.02413.0,2705.02414.0,2417.02414.0,2520.02415.0,2418.02416.0,2413.02416.0,2417.02417.0,2413.02417.0,2414.02418.0,1396.02418.0,2704.02419.0,2672.02420.0,2419.02421.0,1311.02421.0,2422.02422.0,2421.02422.0,2424.02423.0,2422.02424.0,2425.02425.0,1511.02425.0,2423.02426.0,2428.02427.0,2389.02428.0,2426.02428.0,3244.02429.0,3081.02430.0,2389.02431.0,3119.02432.0,1314.02432.0,2410.02432.0,2437.02433.0,1314.02434.0,2433.02434.0,2435.02434.0,2436.02435.0,1313.02435.0,2433.02435.0,2434.02436.0,2438.02437.0,2739.02438.0,1151.02439.0,2434.02440.0,2931.02441.0,2443.02442.0,1358.02443.0,1352.02444.0,4749.02445.0,973.02446.0,2447.02447.0,1163.02448.0,2840.02449.0,2860.02450.0,2859.02451.0,2858.02452.0,2845.02453.0,4913.02454.0,1157.02455.0,2456.02456.0,2866.02457.0,3092.02458.0,2464.02459.0,5163.02460.0,2459.02461.0,1726.02462.0,2464.02463.0,2461.02464.0,1715.02464.0,2460.02464.0,2463.02465.0,2468.02466.0,2467.02467.0,921.02467.0,2465.02468.0,3041.02469.0,2934.02470.0,3041.02471.0,2466.02472.0,2473.02473.0,2474.02473.0,2475.02473.0,3036.02474.0,2472.02474.0,2475.02474.0,2476.02475.0,2473.02475.0,2474.02475.0,2936.02477.0,2478.02478.0,2477.02478.0,2479.02478.0,2480.02479.0,2478.02479.0,2480.02479.0,2488.02480.0,2478.02480.0,2479.02480.0,2481.02481.0,2496.02482.0,1738.02483.0,1222.02483.0,1699.02483.0,1714.02484.0,2486.02484.0,2941.02485.0,2484.02485.0,2486.02486.0,1747.02486.0,2484.02487.0,2941.02488.0,2479.02488.0,2489.02489.0,1750.02490.0,2488.02490.0,2489.02491.0,2852.02492.0,2491.02492.0,2497.02493.0,2491.02494.0,3093.02495.0,2480.02496.0,2495.02496.0,2497.02496.0,2498.02497.0,2493.02497.0,2496.02497.0,2498.02498.0,2494.02498.0,2496.02498.0,2497.02499.0,1683.02500.0,861.02500.0,865.02500.0,2501.02501.0,864.02501.0,1154.02501.0,2502.02502.0,864.02502.0,865.02502.0,2504.02503.0,865.02503.0,2504.02504.0,861.02504.0,865.02504.0,2500.02504.0,2741.02504.0,4559.02505.0,935.02505.0,2884.02506.0,2507.02507.0,2506.02507.0,2829.02507.0,3068.02508.0,2510.02508.0,3006.02509.0,2510.02510.0,2508.02510.0,2697.02510.0,2698.02511.0,3005.02512.0,1450.02513.0,2322.02514.0,2513.02515.0,1483.02515.0,2708.02516.0,2380.02516.0,2387.02517.0,1127.02517.0,2519.02518.0,2517.02519.0,2518.02519.0,2520.02519.0,3019.02520.0,2415.02520.0,2519.02520.0,2706.02521.0,2519.02522.0,2525.02523.0,1538.02524.0,2522.02525.0,2523.02526.0,1536.02527.0,2528.02528.0,1368.02528.0,2526.02529.0,942.02530.0,2533.02531.0,1560.02532.0,2531.02533.0,2537.02534.0,1557.02535.0,1557.02536.0,2544.02537.0,2532.02537.0,2535.02538.0,2425.02539.0,2538.02540.0,2542.02541.0,1553.02542.0,2541.02542.0,3076.02542.0,3184.02543.0,2548.02544.0,2546.02544.0,2722.02544.0,10346.02545.0,2551.02546.0,2544.02546.0,2545.02546.0,2549.02547.0,2550.02548.0,2546.02549.0,2551.02550.0,2546.02551.0,2543.02551.0,2547.02552.0,2554.02553.0,924.02554.0,1608.02555.0,3075.02556.0,1319.02557.0,1648.02558.0,2560.02558.0,2563.02559.0,2562.02560.0,2558.02560.0,3080.02561.0,2563.02561.0,3117.02562.0,1101.02562.0,2739.02562.0,3117.02563.0,2558.02563.0,2561.02563.0,2564.02564.0,2563.02565.0,1658.02566.0,2568.02567.0,788.02567.0,2568.02567.0,2569.02567.0,6932.02568.0,2566.02568.0,2567.02568.0,6956.02569.0,1290.02570.0,937.02571.0,1690.02571.0,2578.02571.0,2581.02572.0,1334.02572.0,2578.02572.0,2582.02573.0,2577.02573.0,2578.02574.0,2577.02575.0,2576.02576.0,2583.02577.0,2573.02577.0,2575.02578.0,1676.02578.0,2571.02578.0,2572.02578.0,2573.02579.0,1237.02579.0,2580.02579.0,2581.02580.0,1153.02580.0,2579.02581.0,2571.02581.0,2579.02581.0,2580.02582.0,1300.02583.0,2584.02584.0,1307.02585.0,2586.02586.0,2574.02587.0,1697.02587.0,1758.02588.0,1727.02589.0,2588.02590.0,2595.02591.0,1823.02591.0,2692.02592.0,928.02593.0,2592.02594.0,2628.02595.0,1923.02595.0,2593.02595.0,2600.02596.0,2595.02597.0,1821.02597.0,1872.02597.0,2598.02598.0,2591.02599.0,2597.02600.0,1872.02600.0,2596.02600.0,2599.02601.0,2752.02602.0,1793.02603.0,2605.02603.0,2608.02604.0,2605.02605.0,1831.02605.0,2603.02605.0,2749.02606.0,1825.02607.0,2602.02608.0,1925.02609.0,1810.02610.0,2232.02611.0,1331.02611.0,2612.02612.0,1322.02613.0,2610.02614.0,2039.02614.0,2616.02615.0,2619.02615.0,2620.02616.0,2614.02616.0,2620.02617.0,2048.02617.0,2615.02618.0,2617.02618.0,2625.02619.0,2620.02619.0,2622.02620.0,2048.02620.0,2616.02621.0,2624.02621.0,2626.02622.0,2030.02622.0,2619.02623.0,2622.02624.0,2617.02625.0,2621.02625.0,2624.02626.0,2028.02627.0,2250.02627.0,3204.02628.0,2632.02629.0,2594.02630.0,2633.02631.0,2233.02632.0,2631.02633.0,2629.02634.0,2636.02635.0,2020.02636.0,2026.02637.0,1324.02637.0,2634.02637.0,2635.02638.0,2153.02638.0,2192.02638.0,2641.02639.0,2637.02640.0,1330.02640.0,2638.02641.0,2640.02642.0,2310.02642.0,2363.02643.0,884.02643.0,2645.02644.0,2645.02645.0,1363.02645.0,2309.02645.0,2643.02646.0,1363.02647.0,2829.02648.0,2662.02649.0,2647.02650.0,2359.02650.0,2385.02651.0,2321.02652.0,2810.02653.0,1165.02654.0,2987.02655.0,925.02655.0,2656.02655.0,2812.02656.0,2655.02657.0,2655.02657.0,3220.02658.0,2659.02659.0,1192.02659.0,2115.02660.0,1425.02661.0,2660.02662.0,1565.02663.0,2664.02663.0,2666.02663.0,2667.02664.0,3219.02665.0,3018.02666.0,2663.02666.0,2667.02666.0,3018.02667.0,2663.02667.0,2666.02667.0,3196.02668.0,931.02668.0,1136.02668.0,2670.02668.0,2671.02669.0,2668.02670.0,2529.02671.0,2420.02672.0,2668.02673.0,2674.02674.0,2368.02675.0,2383.02676.0,2886.02677.0,1505.02678.0,2677.02679.0,2440.02680.0,2681.02681.0,3187.02682.0,3122.02682.0,3155.02683.0,2855.02684.0,1262.02685.0,2684.02685.0,2894.02686.0,1263.02686.0,2687.02686.0,2877.02687.0,2946.02688.0,1206.02689.0,2709.02690.0,1854.02691.0,1840.02692.0,2591.02692.0,2690.02693.0,1463.02694.0,1591.02694.0,2695.02694.0,7618.02695.0,1461.02696.0,2694.02697.0,1254.02697.0,2509.02698.0,2694.02699.0,1152.02699.0,2319.02700.0,2319.02700.0,2703.02701.0,2700.02701.0,9448.02702.0,2700.02703.0,2316.02704.0,3217.02705.0,2418.02705.0,2704.02706.0,3021.02707.0,1479.02708.0,1479.02709.0,2807.02710.0,1622.02710.0,2711.02711.0,1487.02711.0,2710.02712.0,2713.02713.0,1637.02714.0,1488.02715.0,2728.02716.0,1543.02716.0,2715.02717.0,2728.02718.0,2716.02719.0,1140.02720.0,2719.02721.0,2727.02722.0,2536.02722.0,2723.02722.0,2726.02723.0,2725.02724.0,2727.02725.0,2534.02725.0,2722.02725.0,2726.02726.0,2540.02726.0,2722.02726.0,2725.02727.0,1543.02727.0,2717.02727.0,2720.02728.0,1510.02728.0,1512.02728.0,2718.02728.0,2727.02729.0,2731.02730.0,2884.02731.0,2730.02731.0,2732.02732.0,2686.02733.0,1579.02734.0,2920.02734.0,3177.02735.0,2736.02735.0,2830.02735.0,3084.02736.0,2560.02737.0,3166.02737.0,3227.02738.0,4826.02739.0,1562.02739.0,2562.02739.0,3117.02739.0,3120.02740.0,863.02740.0,1335.02741.0,861.02741.0,2504.02741.0,4536.02742.0,2743.02743.0,2944.02744.0,939.02744.0,4778.02745.0,1728.02746.0,5236.02747.0,2482.02748.0,1924.02748.0,2749.02749.0,2604.02749.0,2748.02750.0,2606.02751.0,1813.02752.0,1825.02752.0,2609.02753.0,1825.02753.0,1927.02754.0,2750.02755.0,2752.02756.0,2757.02757.0,1927.02757.0,2607.02757.0,2752.02758.0,2887.02759.0,2760.02759.0,2762.02760.0,2759.02760.0,2761.02761.0,2760.02761.0,2762.02761.0,3239.02762.0,2759.02762.0,2761.02763.0,1934.02763.0,2764.02764.0,1918.02764.0,2763.02765.0,1917.02766.0,2079.02767.0,2773.02768.0,2766.02768.0,3102.02768.0,3106.02769.0,2758.02770.0,1913.02771.0,3014.02772.0,2771.02772.0,3133.02772.0,3238.02773.0,2081.02773.0,3104.02774.0,2040.02775.0,2061.02776.0,1953.02777.0,2015.02777.0,2102.02778.0,2231.02779.0,2784.02780.0,2231.02780.0,2796.02781.0,2994.02782.0,2038.02782.0,2781.02782.0,2995.02783.0,1202.02784.0,2040.02784.0,2055.02785.0,2784.02786.0,2780.02787.0,2816.02788.0,2057.02788.0,2789.02788.0,2790.02789.0,2129.02789.0,2788.02789.0,2790.02790.0,1326.02790.0,2788.02790.0,2789.02791.0,2793.02792.0,2230.02793.0,2795.02794.0,2792.02794.0,2796.02795.0,2794.02795.0,2796.02796.0,2213.02796.0,2778.02796.0,2792.02798.0,3151.02799.0,2797.02799.0,2798.02799.0,3152.02800.0,1906.02800.0,2802.02800.0,2806.02801.0,2800.02802.0,2803.02803.0,2804.02804.0,1941.02805.0,2807.02806.0,2800.02806.0,2807.02807.0,2769.02807.0,2770.02807.0,2806.02808.0,2031.02808.0,3123.02809.0,2810.02809.0,2815.02810.0,2653.02810.0,2809.02810.0,2986.02811.0,2810.02812.0,2655.02812.0,2814.02812.0,3223.02813.0,2812.02814.0,2809.02815.0,2812.02816.0,2311.02817.0,1181.02818.0,2172.02818.0,2214.02819.0,2218.02820.0,2699.02820.0,2821.02821.0,2320.02821.0,2820.02822.0,2216.02823.0,1122.02823.0,2826.02824.0,2254.02825.0,2215.02825.0,2824.02826.0,3906.02827.0,2824.02827.0,2825.02828.0,3067.02829.0,2507.02829.0,2648.02829.0,2828.02830.0,2735.02830.0,2832.02830.0,2837.02831.0,2830.02832.0,2831.02832.0,2847.02832.0,2849.02833.0,2835.02834.0,1341.02835.0,1338.02835.0,1340.02835.0,2836.02836.0,2830.02837.0,2833.02838.0,2839.02839.0,932.02839.0,2841.02839.0,2845.02840.0,2839.02841.0,2446.02842.0,926.02843.0,2842.02843.0,2844.02843.0,3036.02844.0,2843.02844.0,3036.02844.0,3247.02845.0,2451.02845.0,2838.02846.0,2851.02847.0,2832.02847.0,2848.02847.0,2849.02848.0,5360.02849.0,2832.02849.0,2847.02849.0,8839.02850.0,2849.02851.0,927.02852.0,2853.02853.0,3156.02854.0,2470.02856.0,2490.02857.0,2856.02858.0,2450.02859.0,2449.02860.0,2861.02861.0,2452.02862.0,670.02862.0,1143.02862.0,2863.02863.0,670.02863.0,2862.02863.0,2864.02864.0,670.02864.0,3054.02865.0,2457.02866.0,1735.02866.0,1736.02866.0,2865.02867.0,2869.02868.0,2867.02869.0,2882.02870.0,1790.02870.0,2871.02870.0,2872.02871.0,1783.02871.0,2870.02871.0,2872.02872.0,1789.02872.0,2870.02872.0,2871.02875.0,2684.02875.0,2876.02876.0,1525.02877.0,2876.02877.0,2894.02878.0,3158.02879.0,2878.02879.0,2948.02880.0,2873.02881.0,2879.02882.0,2886.02883.0,2886.02884.0,2505.02884.0,2729.02885.0,2505.02886.0,2678.02886.0,2868.02886.0,2885.02887.0,896.02887.0,904.02887.0,905.02887.0,2888.02888.0,2805.02889.0,2890.02890.0,936.02890.0,1446.02890.0,1448.02891.0,1513.02892.0,1572.02893.0,1575.02894.0,3069.02895.0,1142.02895.0,1397.02895.0,1475.02896.0,1542.02896.0,1552.02896.0,1558.02897.0,2896.02898.0,1517.02898.0,2900.02898.0,10339.02899.0,1578.02900.0,2898.02900.0,2902.02901.0,3898.02902.0,2900.02902.0,2901.02903.0,1533.02904.0,2910.02905.0,6250.02906.0,2922.02907.0,2906.02907.0,3174.02908.0,5992.02909.0,6262.02910.0,1385.02910.0,2911.02911.0,2912.02912.0,1281.02913.0,2915.02914.0,2904.02914.0,2913.02915.0,2914.02915.0,3161.02916.0,1128.02917.0,2916.02918.0,2921.02919.0,2734.02920.0,1284.02922.0,1665.02922.0,2925.02923.0,2917.02923.0,2924.02924.0,1285.02924.0,1286.02924.0,2923.02925.0,2927.02926.0,2925.02927.0,2570.02927.0,3177.02928.0,2939.02929.0,2931.02930.0,2929.02930.0,4934.02931.0,2846.02931.0,2932.02932.0,2933.02933.0,2930.02934.0,2854.02935.0,2936.02936.0,2475.02936.0,2935.02936.0,3249.02937.0,3154.02938.0,2937.02939.0,2863.02940.0,2941.02941.0,1740.02941.0,2487.02942.0,1712.02943.0,3089.02944.0,1713.02945.0,2731.02946.0,2945.02947.0,2880.02947.0,2948.02948.0,1784.02949.0,1198.02950.0,2077.02951.0,2002.02952.0,1939.02953.0,2957.02954.0,2952.02955.0,2960.02956.0,2955.02957.0,2004.02957.0,2960.02958.0,2960.02959.0,1570.02959.0,2960.02960.0,1894.02960.0,2953.02960.0,2959.02960.0,3058.02961.0,1886.02962.0,1893.02962.0,1935.02962.0,2964.02963.0,1992.02964.0,1893.02964.0,2962.02964.0,2968.02965.0,2970.02966.0,1910.02967.0,1936.02968.0,2969.02969.0,1990.02970.0,2964.02971.0,1840.02972.0,1208.02973.0,2082.02974.0,2976.02975.0,2978.02976.0,3124.02977.0,1930.02978.0,2974.02978.0,2980.02979.0,2981.02980.0,1277.02980.0,2978.02980.0,2982.02981.0,1275.02981.0,2984.02982.0,3126.02984.0,1273.02985.0,2654.02986.0,2987.02987.0,930.02987.0,2985.02987.0,2990.02988.0,2268.02988.0,2991.02989.0,2208.02990.0,2987.02990.0,2991.02991.0,880.02991.0,1391.02991.0,2989.02991.0,2990.02992.0,2991.02993.0,2991.02994.0,1320.02994.0,2782.02995.0,2782.02995.0,3000.02996.0,2132.02996.0,2997.02996.0,2999.02997.0,2189.02997.0,2996.02997.0,2998.02998.0,2183.02999.0,3001.03000.0,2995.03000.0,3001.03001.0,2996.03001.0,3000.03001.0,3002.03002.0,2783.03002.0,3001.03003.0,2996.03004.0,1974.03005.0,2512.03005.0,3007.03006.0,2508.03006.0,3008.03006.0,3904.03007.0,1452.03007.0,3005.03007.0,3008.03008.0,3005.03008.0,3006.03008.0,3007.03009.0,2375.03009.0,2386.03010.0,2383.03010.0,3011.03011.0,2359.03011.0,3010.03012.0,3009.03013.0,3111.03013.0,3113.03013.0,3114.03014.0,3116.03014.0,3236.03015.0,3016.03016.0,3017.03017.0,2373.03018.0,2350.03018.0,2666.03018.0,3015.03019.0,2521.03019.0,3020.03020.0,1150.03020.0,3019.03021.0,2520.03021.0,3023.03022.0,3021.03023.0,2390.03024.0,1669.03025.0,1354.03025.0,3028.03025.0,3031.03026.0,3033.03027.0,4631.03028.0,3025.03028.0,3027.03028.0,3029.03029.0,3033.03030.0,3025.03031.0,1358.03032.0,1357.03033.0,1358.03033.0,3032.03033.0,3034.03034.0,3028.03035.0,3037.03035.0,3253.03036.0,2473.03036.0,2843.03036.0,2844.03037.0,3035.03037.0,3038.03037.0,3256.03038.0,1372.03039.0,3037.03040.0,3041.03041.0,1734.03041.0,2469.03041.0,2471.03041.0,4791.03042.0,3043.03042.0,3232.03044.0,1856.03045.0,3048.03046.0,3050.03047.0,3050.03048.0,1833.03048.0,3044.03048.0,3047.03049.0,1926.03050.0,1834.03050.0,1871.03050.0,3045.03051.0,3052.03052.0,941.03052.0,3053.03052.0,3057.03053.0,1704.03054.0,3055.03055.0,3052.03056.0,2928.03057.0,3056.03058.0,1276.03058.0,2958.03058.0,3060.03059.0,3058.03060.0,3058.03060.0,3062.03061.0,3143.03062.0,3061.03062.0,3063.03063.0,2005.03063.0,3059.03063.0,3062.03064.0,3063.03065.0,1465.03066.0,2829.03066.0,3067.03067.0,3179.03068.0,1436.03069.0,2507.03069.0,3068.03070.0,3071.03071.0,1638.03071.0,3072.03072.0,3073.03073.0,3074.03074.0,3071.03074.0,3075.03075.0,1240.03075.0,3074.03076.0,1631.03076.0,2542.03076.0,3077.03077.0,1602.03078.0,3076.03079.0,5375.03080.0,3084.03081.0,2427.03082.0,3079.03083.0,3082.03084.0,2735.03084.0,3083.03084.0,3085.03086.0,1289.03086.0,1667.03086.0,3087.03087.0,6680.03088.0,1762.03089.0,2485.03090.0,1716.03090.0,3089.03091.0,1744.03091.0,3088.03092.0,2498.03093.0,2455.03094.0,3157.03095.0,1878.03095.0,3099.03096.0,3098.03097.0,3199.03097.0,3228.03098.0,1829.03098.0,3094.03099.0,3097.03100.0,3101.03101.0,2768.03102.0,1361.03103.0,2767.03104.0,3100.03105.0,1113.03105.0,2768.03106.0,3105.03107.0,1858.03108.0,3107.03108.0,3115.03108.0,3210.03109.0,3110.03109.0,3235.03110.0,3109.03110.0,3111.03111.0,3013.03111.0,3110.03111.0,3113.03112.0,3114.03112.0,3235.03113.0,3013.03113.0,3111.03113.0,3114.03114.0,3013.03114.0,3113.03115.0,3108.03116.0,2772.03117.0,2559.03117.0,2739.03117.0,3118.03118.0,2561.03119.0,2739.03120.0,2430.03121.0,2669.03122.0,2857.03123.0,3129.03124.0,3130.03125.0,3126.03125.0,3128.03126.0,1279.03126.0,2983.03126.0,3125.03127.0,2031.03127.0,3129.03128.0,3127.03129.0,2975.03129.0,3130.03130.0,3126.03130.0,3128.03131.0,3136.03132.0,943.03133.0,2765.03133.0,3131.03133.0,3134.03135.0,2013.03136.0,2772.03137.0,1979.03137.0,3135.03138.0,3137.03139.0,2014.03139.0,3140.03139.0,3142.03139.0,3144.03140.0,3148.03141.0,3064.03141.0,3143.03142.0,3139.03142.0,3146.03143.0,3142.03144.0,3139.03144.0,3140.03145.0,1998.03145.0,3141.03146.0,1995.03146.0,3145.03147.0,2008.03147.0,3144.03148.0,2808.03148.0,3147.03149.0,1419.03149.0,3153.03150.0,2799.03150.0,3151.03151.0,1271.03152.0,1422.03153.0,1438.03154.0,2683.03154.0,3122.03155.0,3252.03156.0,2683.03156.0,3155.03157.0,2947.03158.0,3095.03159.0,1281.03159.0,3160.03160.0,1596.03161.0,3181.03162.0,2915.03162.0,3161.03163.0,3169.03164.0,3189.03165.0,3171.03166.0,3163.03166.0,3171.03167.0,3227.03168.0,3163.03168.0,3165.03169.0,3164.03169.0,3167.03170.0,2416.03172.0,3164.03172.0,3167.03173.0,3172.03173.0,3251.03174.0,10261.03175.0,2905.03175.0,3174.03176.0,2905.03176.0,2906.03177.0,3255.03178.0,2570.03178.0,2920.03179.0,2874.03179.0,2875.03180.0,3176.03181.0,1646.03181.0,3180.03182.0,2542.03182.0,3184.03183.0,1470.03184.0,1097.03185.0,3076.03185.0,3183.03186.0,2680.03187.0,4939.03188.0,3251.03189.0,3188.03189.0,3191.03190.0,3188.03190.0,3191.03191.0,3193.03192.0,3168.03193.0,3192.03193.0,3194.03194.0,2738.03195.0,3215.03196.0,2667.03198.0,3195.03198.0,3197.03199.0,3211.03200.0,3096.03200.0,3199.03201.0,1332.03202.0,3096.03202.0,3228.03203.0,3205.03204.0,3240.03205.0,2067.03205.0,2158.03205.0,3206.03206.0,2256.03207.0,1858.03208.0,3207.03208.0,3209.03209.0,3202.03210.0,3112.03211.0,3108.03211.0,3210.03212.0,3216.03213.0,2379.03213.0,3212.03214.0,3222.03215.0,1394.03216.0,3198.03216.0,3215.03217.0,2663.03217.0,3219.03218.0,2352.03218.0,3214.03219.0,3218.03220.0,3213.03221.0,2657.03221.0,3220.03222.0,2813.03222.0,3223.03223.0,2627.03225.0,3224.03225.0,3226.03226.0,2738.03226.0,3190.03227.0,3225.03228.0,3229.03229.0,1881.03229.0,3231.03231.0,3230.03232.0,3200.03233.0,3232.03234.0,3014.03234.0,3236.03235.0,3234.03236.0,2126.03237.0,2762.03237.0,3239.03238.0,3237.03239.0,3208.03240.0,2772.03240.0,3238.03241.0,1760.03241.0,3242.03242.0,3090.03243.0,10262.03244.0,2737.03245.0,2428.03245.0,3244.03246.0,3165.03246.0,3248.03247.0,3246.03248.0,3192.03248.0,3194.03249.0,2938.03250.0,2936.03250.0,3249.03251.0,3250.03252.0,2844.03252.0,3247.03253.0,3178.03254.0,3035.03254.0,3253.03255.0,3037.03255.0,3256.03256.0,3241.03257.0,12908.03258.0,12714.03259.0,3260.03259.0,3264.03260.0,3924.03261.0,3263.03262.0,3260.03263.0,10813.03264.0,10158.03265.0,3272.03265.0,10446.03266.0,3265.03266.0,3269.03267.0,12938.03268.0,10786.03269.0,3266.03269.0,3278.03270.0,3275.03270.0,3280.03271.0,3273.03271.0,3277.03272.0,3265.03272.0,3269.03273.0,3272.03273.0,10446.03274.0,3275.03274.0,3280.03275.0,3274.03275.0,10448.03276.0,3267.03276.0,10786.03277.0,3271.03277.0,10684.03278.0,3274.03278.0,10448.03279.0,173.03279.0,3276.03279.0,10447.03280.0,3270.03280.0,3279.03281.0,3282.03281.0,3452.03282.0,3281.03282.0,3285.03283.0,171.03283.0,3452.03284.0,3281.03284.0,3285.03285.0,3483.03285.0,3486.03286.0,3287.03287.0,3289.03287.0,12413.03288.0,10016.03289.0,3287.03289.0,3288.03290.0,3292.03290.0,3297.03291.0,126.03291.0,3290.03291.0,10698.03292.0,3298.03292.0,3299.03293.0,10638.03293.0,12334.03294.0,156.03294.0,3295.03294.0,3301.03295.0,156.03295.0,3294.03295.0,3302.03296.0,157.03296.0,158.03296.0,3300.03296.0,3304.03297.0,3290.03297.0,10698.03298.0,3292.03298.0,3297.03299.0,158.03299.0,3300.03299.0,3304.03300.0,158.03300.0,3298.03300.0,3299.03301.0,12392.03302.0,156.03302.0,157.03302.0,3296.03302.0,3303.03303.0,156.03303.0,157.03303.0,3294.03303.0,3302.03304.0,157.03304.0,158.03304.0,3296.03304.0,3303.03305.0,499.03305.0,12654.03306.0,499.03306.0,3307.03306.0,12128.03307.0,499.03307.0,3305.03307.0,3306.03307.0,3430.03307.0,10581.03308.0,499.03308.0,3307.03309.0,88.03309.0,11985.03310.0,88.03310.0,11989.03311.0,3312.03312.0,10979.03312.0,11663.03313.0,3312.03313.0,10979.03314.0,10345.03315.0,91.03315.0,11117.03316.0,91.03316.0,3323.03317.0,91.03317.0,3324.03318.0,3324.03319.0,3324.03319.0,3326.03320.0,3319.03320.0,3323.03321.0,94.03321.0,95.03321.0,3322.03322.0,94.03322.0,95.03322.0,3318.03322.0,3326.03322.0,11732.03323.0,3315.03323.0,3320.03323.0,10315.03324.0,3319.03324.0,3323.03324.0,11710.03325.0,94.03325.0,95.03325.0,3328.03326.0,94.03326.0,95.03326.0,3322.03326.0,3325.03327.0,94.03327.0,3322.03328.0,11733.03329.0,103.03329.0,118.03329.0,12638.03330.0,95.03330.0,11117.03331.0,103.03331.0,3329.03331.0,3332.03332.0,103.03332.0,3334.03333.0,102.03333.0,11543.03334.0,103.03334.0,3333.03334.0,3335.03335.0,103.03335.0,3331.03336.0,3.03336.0,12467.03337.0,11293.03338.0,3346.03339.0,465.03339.0,3344.03339.0,5764.03340.0,465.03340.0,3341.03341.0,465.03341.0,3339.03342.0,465.03342.0,3338.03342.0,3339.03342.0,3343.03343.0,3344.03344.0,465.03344.0,3339.03344.0,3342.03344.0,11225.03345.0,461.03345.0,11232.03345.0,11236.03346.0,3342.03346.0,11523.03347.0,111.03347.0,11067.03348.0,12829.03349.0,120.03349.0,123.03349.0,3350.03349.0,10916.03350.0,120.03350.0,123.03350.0,3349.03350.0,11127.03351.0,10188.03351.0,11067.03352.0,9.03352.0,3357.03352.0,3360.03353.0,9.03353.0,10.03353.0,11278.03354.0,10.03354.0,17.03354.0,3356.03355.0,10.03355.0,17.03355.0,3352.03355.0,3356.03356.0,10.03356.0,3355.03356.0,11021.03357.0,9.03357.0,3358.03357.0,11283.03358.0,9.03358.0,3353.03358.0,3357.03358.0,3360.03359.0,9.03359.0,10.03359.0,3358.03360.0,3352.03360.0,3354.03361.0,3.03361.0,8.03361.0,3362.03362.0,8.03362.0,11016.03363.0,11179.03364.0,10960.03365.0,7.03365.0,12522.03366.0,123.03366.0,10909.03367.0,112.03367.0,10915.03367.0,11678.03368.0,3367.03369.0,114.03369.0,3366.03369.0,10286.03370.0,123.03370.0,3369.03371.0,3372.03372.0,3364.03372.0,11177.03373.0,105.03373.0,3374.03373.0,12555.03374.0,105.03374.0,3373.03374.0,10898.03375.0,12490.03376.0,50.03376.0,12372.03377.0,50.03377.0,10291.03378.0,3380.03378.0,12946.03379.0,12757.03379.0,12900.03380.0,10875.03381.0,3382.03381.0,10803.03382.0,3381.03382.0,3385.03383.0,3381.03383.0,3385.03384.0,3920.03385.0,3913.03385.0,11388.03386.0,100.03386.0,3387.03386.0,3854.03386.0,10768.03387.0,100.03387.0,3386.03387.0,3388.03387.0,10769.03388.0,100.03388.0,12271.03389.0,3921.03389.0,3928.03390.0,12965.03391.0,3389.03392.0,131.03392.0,3390.03392.0,3391.03392.0,10798.03393.0,459.03393.0,10617.03394.0,459.03394.0,10619.03395.0,459.03395.0,3393.03395.0,3811.03396.0,3397.03397.0,504.03397.0,3402.03397.0,3407.03397.0,12715.03398.0,507.03398.0,3403.03398.0,3406.03399.0,507.03399.0,3398.03400.0,3405.03400.0,3408.03401.0,10580.03402.0,507.03402.0,3397.03402.0,3403.03402.0,11398.03403.0,507.03403.0,3399.03403.0,3402.03403.0,3404.03404.0,507.03404.0,3400.03405.0,3400.03405.0,3403.03406.0,1076.03406.0,3398.03407.0,3408.03408.0,3397.03408.0,3401.03408.0,3405.03409.0,458.03409.0,3411.03409.0,12125.03410.0,3422.03411.0,458.03411.0,3409.03411.0,3413.03412.0,3409.03413.0,3412.03413.0,3424.03414.0,3410.03415.0,469.03415.0,3421.03415.0,11647.03416.0,3426.03417.0,3416.03418.0,3417.03419.0,469.03419.0,3415.03419.0,11634.03420.0,3412.03420.0,3424.03421.0,469.03421.0,11630.03421.0,12742.03422.0,10264.03423.0,3425.03423.0,10600.03424.0,3420.03424.0,3423.03425.0,3420.03425.0,3423.03426.0,3414.03426.0,3427.03427.0,3419.03427.0,11633.03428.0,3414.03428.0,3427.03429.0,3428.03429.0,11641.03430.0,499.03430.0,501.03430.0,3307.03430.0,10560.03431.0,505.03431.0,3433.03431.0,11409.03432.0,3442.03432.0,10574.03433.0,11402.03433.0,11410.03434.0,504.03434.0,3432.03435.0,3432.03435.0,10574.03436.0,3439.03436.0,12716.03436.0,12738.03437.0,504.03437.0,10575.03437.0,10580.03438.0,3435.03438.0,11400.03439.0,3436.03439.0,3441.03440.0,3438.03441.0,3439.03441.0,3440.03441.0,12041.03442.0,504.03442.0,10575.03443.0,477.03443.0,10568.03444.0,502.03444.0,3445.03444.0,11392.03445.0,502.03445.0,3444.03445.0,3447.03446.0,5998.03447.0,502.03447.0,3446.03448.0,3459.03449.0,3448.03450.0,3449.03450.0,3456.03451.0,3457.03452.0,171.03452.0,3283.03452.0,3488.03452.0,10413.03453.0,161.03453.0,3461.03454.0,161.03454.0,12659.03455.0,161.03455.0,3453.03455.0,3867.03456.0,3450.03456.0,3868.03457.0,3456.03458.0,3451.03458.0,3459.03459.0,3458.03459.0,12660.03460.0,3450.03460.0,3868.03461.0,3460.03462.0,10695.03463.0,488.03463.0,3465.03464.0,11919.03465.0,10497.03466.0,490.03466.0,491.03466.0,3475.03467.0,3468.03468.0,3472.03468.0,10563.03469.0,490.03469.0,3473.03469.0,3475.03470.0,10556.03471.0,3468.03471.0,3470.03472.0,3469.03473.0,490.03473.0,10536.03474.0,490.03474.0,10311.03475.0,490.03475.0,3469.03475.0,3474.03476.0,3480.03477.0,492.03477.0,3478.03478.0,3476.03478.0,10546.03478.0,10547.03479.0,492.03479.0,11539.03480.0,492.03480.0,1098.03480.0,3477.03480.0,3479.03481.0,3282.03482.0,166.03482.0,167.03482.0,172.03482.0,10417.03482.0,10473.03483.0,10476.03483.0,10480.03484.0,167.03484.0,3482.03484.0,10417.03484.0,10479.03485.0,10348.03486.0,164.03486.0,3483.03486.0,3487.03486.0,10408.03486.0,11583.03487.0,3486.03487.0,3488.03488.0,171.03488.0,3452.03488.0,3481.03488.0,3487.03489.0,185.03489.0,186.03489.0,10268.03490.0,171.03490.0,3488.03490.0,10412.03491.0,484.03491.0,10380.03492.0,52.03492.0,3494.03492.0,3496.03493.0,39.03493.0,3497.03493.0,3498.03494.0,52.03494.0,3493.03495.0,52.03495.0,11049.03496.0,52.03496.0,3492.03496.0,3495.03497.0,39.03497.0,3493.03497.0,3496.03498.0,11013.03498.0,12368.03499.0,50.03499.0,3511.03500.0,10290.03501.0,3503.03501.0,3516.03502.0,3506.03502.0,3508.03503.0,3502.03503.0,3517.03504.0,3506.03504.0,3508.03505.0,3507.03505.0,12374.03506.0,3504.03506.0,3505.03507.0,3504.03507.0,3505.03508.0,3502.03508.0,3517.03509.0,3515.03509.0,10888.03510.0,3500.03511.0,3375.03512.0,46.03512.0,3513.03513.0,46.03513.0,3515.03513.0,10888.03514.0,46.03514.0,3518.03515.0,46.03515.0,3513.03515.0,3514.03516.0,3501.03516.0,3509.03517.0,3503.03517.0,3516.03518.0,3519.03518.0,10290.03519.0,3512.03519.0,3518.03520.0,202.03520.0,3526.03520.0,3528.03521.0,10931.03522.0,198.03522.0,3521.03523.0,198.03523.0,3522.03523.0,3830.03524.0,198.03524.0,3523.03525.0,3524.03526.0,3520.03526.0,3527.03527.0,199.03527.0,10284.03528.0,11617.03529.0,3536.03530.0,948.03531.0,3533.03532.0,217.03532.0,3534.03532.0,12173.03533.0,12422.03534.0,217.03534.0,947.03534.0,3533.03535.0,10218.03536.0,217.03536.0,11144.03537.0,195.03537.0,3544.03537.0,11791.03538.0,195.03538.0,3539.03539.0,3540.03539.0,11171.03540.0,3539.03540.0,3541.03541.0,195.03541.0,3542.03542.0,195.03542.0,3537.03542.0,3544.03543.0,195.03543.0,3538.03543.0,3542.03544.0,3548.03544.0,11787.03545.0,10216.03545.0,11762.03546.0,3543.03546.0,3545.03547.0,204.03547.0,3546.03548.0,3543.03548.0,3545.03549.0,3548.03550.0,289.03550.0,292.03550.0,9954.03550.0,9960.03551.0,289.03551.0,9835.03552.0,9875.03553.0,289.03553.0,3554.03554.0,3552.03555.0,9154.03556.0,3557.03557.0,214.03557.0,12245.03558.0,9183.03559.0,455.03559.0,8870.03559.0,9061.03560.0,375.03560.0,9939.03561.0,375.03561.0,3562.03561.0,8637.03562.0,375.03562.0,8632.03562.0,8633.03563.0,9514.03564.0,3563.03564.0,3565.03565.0,258.03565.0,259.03565.0,8917.03566.0,3563.03566.0,3565.03567.0,8446.03568.0,8400.03569.0,401.03569.0,8377.03570.0,3571.03571.0,3570.03571.0,3575.03572.0,8210.03572.0,8212.03573.0,3572.03573.0,8650.03574.0,3573.03574.0,3576.03575.0,3573.03575.0,3576.03576.0,3575.03576.0,3577.03577.0,7515.03577.0,7517.03578.0,8204.03579.0,9991.03579.0,9999.03580.0,3582.03581.0,348.03581.0,358.03581.0,9921.03582.0,3583.03583.0,358.03583.0,9926.03584.0,3579.03584.0,3580.03585.0,3579.03585.0,3584.03586.0,64.03586.0,611.03586.0,9044.03587.0,611.03587.0,3586.03587.0,9971.03588.0,611.03588.0,3587.03589.0,3591.03590.0,3592.03591.0,8063.03592.0,3593.03592.0,8397.03592.0,9355.03593.0,3589.03593.0,3592.03593.0,8398.03594.0,3593.03595.0,346.03596.0,345.03596.0,346.03596.0,3595.03596.0,9938.03597.0,1045.03598.0,3599.03598.0,3601.03598.0,7978.03599.0,357.03599.0,3598.03599.0,7996.03600.0,357.03600.0,3599.03601.0,1047.03601.0,3599.03602.0,275.03602.0,7824.03603.0,275.03603.0,9392.03604.0,271.03604.0,3605.03604.0,7541.03605.0,270.03605.0,271.03605.0,7542.03606.0,308.03606.0,3607.03606.0,3610.03607.0,308.03607.0,3613.03607.0,3617.03608.0,308.03608.0,3607.03609.0,7878.03610.0,8605.03611.0,308.03611.0,3606.03611.0,3615.03612.0,308.03612.0,3611.03612.0,3615.03613.0,3611.03613.0,7958.03614.0,7818.03615.0,3614.03616.0,3617.03617.0,3609.03617.0,3613.03618.0,7897.03619.0,299.03619.0,7750.03620.0,302.03620.0,9805.03621.0,299.03621.0,3619.03621.0,3620.03621.0,7871.03622.0,3618.03622.0,7872.03623.0,299.03623.0,3621.03624.0,302.03624.0,3621.03625.0,3626.03625.0,3627.03626.0,3625.03626.0,7763.03627.0,3630.03627.0,7751.03628.0,3625.03628.0,3627.03629.0,9419.03630.0,3629.03631.0,327.03631.0,3628.03632.0,253.03632.0,3635.03632.0,9473.03633.0,253.03633.0,9222.03634.0,9476.03635.0,253.03635.0,3632.03635.0,3633.03636.0,260.03636.0,7632.03637.0,260.03637.0,3636.03637.0,7627.03637.0,7631.03638.0,7615.03639.0,189.03639.0,3640.03640.0,3638.03641.0,189.03641.0,8492.03642.0,9459.03643.0,230.03643.0,233.03643.0,3644.03643.0,7597.03644.0,230.03644.0,233.03644.0,3642.03644.0,3643.03644.0,3643.03645.0,62.03645.0,3646.03645.0,7573.03646.0,62.03646.0,3645.03646.0,9870.03647.0,832.03647.0,6781.03648.0,801.03648.0,3649.03649.0,3651.03649.0,6664.03649.0,6698.03650.0,801.03650.0,3649.03651.0,1001.03651.0,3649.03651.0,6688.03652.0,6768.03652.0,6786.03653.0,748.03653.0,951.03653.0,6046.03654.0,606.03654.0,6604.03654.0,7115.03655.0,597.03655.0,3659.03656.0,595.03656.0,3659.03657.0,6538.03658.0,595.03658.0,3656.03658.0,7097.03658.0,7099.03659.0,3657.03659.0,3658.03660.0,3661.03660.0,6407.03661.0,3660.03661.0,3663.03662.0,716.03662.0,3660.03662.0,3665.03662.0,6660.03663.0,716.03663.0,3665.03664.0,809.03664.0,3662.03665.0,716.03665.0,3662.03665.0,4014.03665.0,4047.03666.0,809.03666.0,3662.03667.0,553.03667.0,6349.03668.0,591.03668.0,6434.03668.0,6487.03669.0,553.03669.0,591.03669.0,3670.03670.0,553.03670.0,6504.03671.0,553.03671.0,3673.03672.0,552.03672.0,553.03672.0,3671.03673.0,3668.03673.0,3674.03674.0,3669.03675.0,3668.03676.0,3667.03677.0,591.03677.0,592.03677.0,3787.03677.0,6431.03678.0,612.03678.0,6385.03679.0,592.03679.0,3677.03680.0,567.03680.0,722.03680.0,7209.03681.0,3682.03681.0,6542.03681.0,6543.03682.0,5561.03683.0,731.03683.0,3687.03683.0,6146.03684.0,721.03684.0,3683.03685.0,720.03685.0,726.03685.0,6893.03686.0,726.03686.0,3684.03686.0,6890.03687.0,6527.03688.0,728.03688.0,6104.03689.0,728.03689.0,3688.03689.0,6071.03690.0,729.03690.0,6100.03691.0,730.03691.0,7009.03692.0,729.03692.0,730.03692.0,3690.03692.0,3691.03693.0,3702.03694.0,3696.03695.0,756.03695.0,3697.03696.0,756.03696.0,3700.03697.0,756.03697.0,5920.03698.0,3701.03699.0,3702.03699.0,5946.03700.0,3695.03700.0,5946.03701.0,3693.03701.0,5928.03702.0,3701.03702.0,5946.03703.0,3705.03704.0,952.03705.0,767.03705.0,3706.03705.0,5775.03706.0,767.03706.0,5770.03707.0,3708.03708.0,3709.03708.0,5699.03709.0,3707.03709.0,6942.03710.0,752.03710.0,7388.03711.0,7135.03712.0,5630.03713.0,3715.03714.0,3713.03715.0,3722.03715.0,3724.03715.0,5638.03716.0,3720.03717.0,5687.03718.0,3719.03718.0,3723.03719.0,3718.03719.0,3721.03720.0,3718.03720.0,3721.03721.0,3712.03721.0,3720.03722.0,5871.03723.0,3724.03723.0,5862.03724.0,3715.03724.0,3719.03724.0,3723.03725.0,518.03725.0,539.03725.0,3727.03726.0,539.03726.0,542.03726.0,3729.03726.0,5611.03727.0,539.03727.0,3728.03727.0,3729.03727.0,3731.03728.0,3730.03728.0,12599.03729.0,3727.03729.0,5672.03730.0,3728.03730.0,5657.03730.0,10154.03731.0,539.03731.0,6274.03732.0,3728.03733.0,664.03733.0,4998.03733.0,5001.03734.0,664.03734.0,4997.03735.0,3737.03735.0,3740.03736.0,3738.03736.0,3739.03737.0,3735.03737.0,4911.03738.0,3737.03738.0,3740.03739.0,3736.03739.0,3745.03740.0,3738.03740.0,3739.03741.0,3736.03741.0,3745.03742.0,3741.03742.0,3744.03743.0,669.03743.0,3742.03743.0,4915.03744.0,669.03744.0,3742.03744.0,3743.03745.0,3741.03745.0,3744.03746.0,662.03746.0,663.03746.0,3747.03747.0,662.03747.0,663.03747.0,4676.03747.0,4688.03748.0,3751.03749.0,968.03750.0,3748.03751.0,3749.03752.0,3750.03752.0,3757.03753.0,835.03753.0,3754.03753.0,3755.03754.0,3753.03754.0,4261.03755.0,835.03755.0,877.03755.0,3754.03755.0,4494.03756.0,3753.03757.0,3756.03757.0,6649.03758.0,4097.03759.0,826.03759.0,4266.03760.0,826.03760.0,3762.03761.0,3760.03762.0,826.03762.0,3763.03762.0,3764.03763.0,826.03763.0,4245.03764.0,826.03764.0,3762.03764.0,4249.03765.0,827.03765.0,3764.03766.0,432.03766.0,4351.03767.0,432.03767.0,4138.03768.0,3769.03769.0,4116.03770.0,687.03770.0,4104.03771.0,4059.03772.0,687.03772.0,3771.03773.0,694.03773.0,3777.03774.0,694.03774.0,695.03774.0,3777.03775.0,695.03775.0,4149.03775.0,4308.03775.0,4314.03776.0,695.03776.0,3775.03777.0,695.03777.0,3776.03777.0,3778.03777.0,4103.03778.0,695.03778.0,5086.03779.0,3774.03780.0,621.03780.0,622.03780.0,5027.03781.0,621.03781.0,622.03781.0,3780.03782.0,3783.03783.0,4044.03784.0,3785.03784.0,3790.03784.0,3791.03785.0,3784.03785.0,5047.03785.0,9654.03786.0,6420.03787.0,3786.03787.0,6444.03788.0,618.03788.0,1048.03789.0,618.03789.0,3788.03789.0,3791.03789.0,3792.03790.0,7036.03791.0,618.03791.0,3784.03791.0,3789.03791.0,3792.03792.0,618.03792.0,3789.03792.0,3791.03792.0,4042.03793.0,3794.03793.0,4511.03794.0,3793.03794.0,4755.03794.0,5177.03795.0,3794.03796.0,844.03796.0,3969.03797.0,4739.03798.0,719.03798.0,4062.03799.0,719.03799.0,3798.03799.0,4045.03800.0,719.03800.0,4062.03801.0,718.03801.0,3799.03802.0,629.03802.0,4417.03803.0,629.03803.0,4427.03804.0,5470.03804.0,12975.03805.0,688.03805.0,3807.03806.0,3808.03807.0,4885.03808.0,688.03808.0,5344.03809.0,3806.03810.0,3821.03810.0,3822.03810.0,11531.03811.0,3817.03812.0,3821.03812.0,5751.03812.0,11040.03813.0,3816.03813.0,3818.03814.0,3813.03814.0,3815.03815.0,3814.03815.0,3824.03816.0,3813.03816.0,3815.03817.0,3816.03817.0,3818.03818.0,3819.03818.0,3822.03819.0,3393.03819.0,3811.03820.0,3822.03821.0,3812.03821.0,3822.03822.0,3394.03822.0,3810.03822.0,3819.03822.0,3821.03823.0,462.03823.0,3814.03823.0,3824.03824.0,462.03824.0,3823.03824.0,11244.03825.0,27.03825.0,3826.03825.0,11860.03826.0,27.03826.0,3825.03826.0,12354.03827.0,28.03827.0,29.03827.0,11227.03828.0,27.03828.0,3826.03829.0,3825.03830.0,115.03830.0,3836.03831.0,3837.03832.0,3834.03833.0,3839.03833.0,10982.03834.0,3833.03834.0,3841.03835.0,115.03835.0,10939.03836.0,115.03836.0,3832.03837.0,3836.03838.0,3835.03838.0,10941.03839.0,3832.03839.0,3838.03840.0,121.03840.0,3841.03841.0,3840.03841.0,3842.03842.0,121.03842.0,11842.03843.0,3848.03843.0,10734.03844.0,137.03844.0,3849.03844.0,3852.03845.0,101.03845.0,137.03845.0,3854.03845.0,10157.03846.0,137.03846.0,12266.03847.0,3851.03848.0,3851.03848.0,10733.03849.0,3850.03849.0,10739.03850.0,3849.03850.0,3853.03851.0,3850.03851.0,3854.03851.0,10739.03852.0,137.03852.0,3844.03852.0,3846.03853.0,137.03853.0,3852.03854.0,100.03854.0,3386.03854.0,3847.03854.0,10157.03855.0,133.03855.0,11450.03856.0,12253.03857.0,3856.03858.0,133.03858.0,3855.03858.0,3857.03859.0,11247.03860.0,51.03860.0,12482.03861.0,51.03861.0,3860.03862.0,3866.03863.0,460.03863.0,10609.03864.0,3863.03864.0,11038.03865.0,3395.03865.0,3864.03866.0,3865.03867.0,10422.03867.0,12659.03868.0,3870.03868.0,3874.03869.0,170.03869.0,3871.03870.0,3455.03871.0,3870.03872.0,170.03872.0,3869.03872.0,3873.03873.0,170.03873.0,3872.03873.0,10415.03874.0,3872.03875.0,141.03875.0,142.03875.0,10368.03875.0,12324.03876.0,387.03876.0,8660.03876.0,8668.03876.0,8786.03877.0,303.03877.0,3879.03878.0,9529.03878.0,9530.03879.0,303.03879.0,7876.03879.0,8033.03879.0,9258.03879.0,9261.03880.0,6309.03881.0,589.03881.0,3882.03882.0,589.03882.0,6375.03882.0,6423.03883.0,585.03883.0,589.03883.0,7404.03884.0,855.03884.0,3885.03884.0,4475.03885.0,855.03885.0,3884.03885.0,3990.03886.0,10262.03887.0,3886.03888.0,3891.03888.0,10259.03889.0,3901.03889.0,12968.03890.0,3893.03890.0,3903.03890.0,12967.03891.0,955.03891.0,2899.03891.0,3898.03892.0,11437.03892.0,12968.03893.0,3890.03893.0,3894.03893.0,10351.03894.0,10257.03894.0,12967.03895.0,12403.03895.0,12968.03896.0,3905.03896.0,12968.03898.0,3891.03898.0,3899.03898.0,3900.03899.0,3903.03899.0,12967.03900.0,2902.03901.0,3904.03902.0,3892.03903.0,3890.03903.0,3898.03903.0,12967.03904.0,3006.03904.0,3895.03904.0,3902.03905.0,3904.03906.0,3908.03907.0,3566.03907.0,8927.03908.0,3907.03909.0,3925.03912.0,3383.03912.0,3916.03913.0,3912.03913.0,3922.03914.0,3910.03915.0,3912.03915.0,3929.03916.0,10161.03917.0,3915.03918.0,3911.03918.0,3917.03919.0,3263.03919.0,12965.03920.0,3918.03920.0,3919.03921.0,3925.03922.0,3927.03923.0,3913.03923.0,3922.03924.0,3915.03924.0,10158.03925.0,3390.03925.0,12858.03926.0,131.03926.0,132.03926.0,867.03927.0,3914.03927.0,3929.03928.0,3921.03928.0,3924.03929.0,3392.03929.0,3928.03930.0,565.03930.0,566.03930.0,5562.03931.0,566.03931.0,571.03931.0,6993.03932.0,566.03932.0,7165.03933.0,8546.03934.0,332.03934.0,8945.03935.0,8538.03936.0,332.03936.0,3934.03936.0,8594.03936.0,8602.03937.0,3938.03938.0,318.03938.0,3935.03938.0,3940.03938.0,9186.03939.0,321.03939.0,8533.03940.0,8539.03941.0,332.03941.0,8945.03942.0,124.03942.0,11468.03943.0,124.03943.0,10707.03944.0,124.03944.0,3942.03944.0,10491.03944.0,10707.03945.0,3947.03946.0,11472.03947.0,3946.03947.0,10493.03948.0,296.03948.0,9156.03948.0,12234.03949.0,165.03949.0,12338.03950.0,3951.03950.0,10331.03951.0,3950.03951.0,10443.03952.0,165.03952.0,8465.03953.0,3949.03954.0,317.03954.0,322.03954.0,2361.03954.0,3959.03954.0,8534.03955.0,318.03955.0,3938.03956.0,321.03956.0,8536.03957.0,317.03957.0,322.03957.0,3954.03958.0,317.03958.0,3959.03959.0,317.03959.0,322.03959.0,3954.03959.0,8540.03960.0,852.03960.0,853.03960.0,3964.03961.0,851.03961.0,4712.03962.0,851.03962.0,966.03962.0,4712.03963.0,853.03963.0,854.03963.0,3966.03964.0,852.03964.0,3965.03964.0,3967.03965.0,852.03965.0,854.03965.0,3966.03965.0,4477.03966.0,852.03966.0,854.03966.0,3964.03966.0,4481.03967.0,852.03967.0,4711.03968.0,4722.03969.0,3797.03969.0,3968.03969.0,5245.03970.0,3969.03971.0,4821.03972.0,4804.03973.0,4828.03974.0,3973.03975.0,5076.03976.0,4933.03976.0,5076.03977.0,653.03977.0,3982.03978.0,4667.03979.0,653.03979.0,654.03979.0,4667.03980.0,653.03980.0,3981.03981.0,971.03981.0,3977.03981.0,3978.03982.0,654.03982.0,3979.03982.0,3980.03982.0,3984.03982.0,4637.03983.0,654.03983.0,3982.03984.0,4670.03985.0,858.03985.0,3987.03985.0,4525.03986.0,858.03986.0,3985.03987.0,3986.03987.0,3988.03987.0,3990.03988.0,3987.03988.0,3989.03989.0,4523.03990.0,3885.03990.0,3987.03991.0,588.03991.0,717.03991.0,3993.03992.0,588.03992.0,4066.03993.0,3992.03993.0,3994.03994.0,3800.03994.0,3993.03995.0,843.03995.0,4000.03996.0,4000.03997.0,843.03997.0,4781.03998.0,4632.03999.0,843.03999.0,3995.04000.0,3997.04000.0,3998.04000.0,4033.04001.0,672.04001.0,673.04001.0,674.04001.0,4002.04002.0,672.04002.0,673.04002.0,674.04002.0,5355.04002.0,5467.04003.0,836.04003.0,4491.04004.0,838.04004.0,6646.04005.0,4007.04006.0,4005.04006.0,6949.04007.0,4004.04008.0,4011.04008.0,7220.04009.0,4008.04010.0,4006.04010.0,4007.04011.0,6949.04012.0,718.04012.0,4069.04013.0,573.04013.0,4014.04013.0,5718.04014.0,573.04014.0,716.04014.0,4013.04014.0,4015.04015.0,716.04015.0,3665.04016.0,5554.04017.0,700.04017.0,704.04017.0,4406.04018.0,703.04018.0,4157.04018.0,4404.04018.0,4407.04019.0,705.04019.0,4284.04020.0,705.04020.0,4408.04021.0,703.04021.0,4018.04022.0,702.04022.0,4023.04022.0,4024.04023.0,702.04023.0,4160.04024.0,702.04024.0,4025.04025.0,701.04025.0,4026.04025.0,4030.04026.0,701.04026.0,4022.04027.0,701.04027.0,4029.04027.0,4169.04027.0,4171.04028.0,701.04028.0,4030.04028.0,4078.04029.0,4030.04030.0,701.04030.0,4025.04030.0,4027.04030.0,4028.04031.0,4034.04032.0,4000.04033.0,4031.04034.0,4739.04035.0,843.04035.0,3999.04036.0,859.04036.0,4039.04037.0,858.04037.0,1299.04037.0,4519.04037.0,4522.04038.0,4037.04039.0,4037.04040.0,682.04040.0,4768.04041.0,4043.04042.0,4043.04043.0,3792.04043.0,4041.04044.0,3781.04044.0,5028.04044.0,5036.04045.0,719.04045.0,3799.04045.0,4012.04045.0,4093.04046.0,599.04046.0,707.04046.0,1011.04047.0,718.04047.0,4072.04047.0,5554.04048.0,809.04048.0,4265.04049.0,707.04049.0,4063.04050.0,3664.04050.0,4047.04051.0,648.04051.0,4054.04052.0,647.04052.0,4053.04052.0,4058.04053.0,4052.04053.0,4056.04054.0,4053.04055.0,647.04055.0,4052.04055.0,4056.04056.0,647.04056.0,4055.04056.0,4294.04057.0,4325.04057.0,4666.04057.0,4870.04058.0,4879.04059.0,4061.04060.0,5352.04061.0,3770.04061.0,4060.04062.0,719.04062.0,3994.04062.0,4063.04062.0,4064.04063.0,707.04063.0,710.04063.0,4046.04063.0,4065.04063.0,4086.04064.0,710.04064.0,4045.04064.0,4062.04064.0,4091.04065.0,710.04065.0,4063.04065.0,4064.04066.0,588.04066.0,717.04066.0,7210.04067.0,4072.04068.0,4048.04068.0,4050.04069.0,718.04069.0,4068.04070.0,5555.04071.0,718.04071.0,3801.04072.0,4068.04072.0,4071.04073.0,5482.04074.0,697.04074.0,4081.04074.0,4153.04074.0,5454.04075.0,696.04075.0,4076.04075.0,4307.04076.0,696.04076.0,4075.04076.0,4081.04077.0,4028.04078.0,4469.04079.0,699.04079.0,4169.04080.0,697.04080.0,699.04080.0,4081.04081.0,697.04081.0,699.04081.0,4074.04081.0,4076.04081.0,4079.04082.0,5497.04083.0,624.04083.0,4661.04084.0,4101.04085.0,4089.04086.0,710.04086.0,4090.04087.0,708.04087.0,5452.04088.0,4087.04089.0,4065.04090.0,4088.04091.0,4064.04091.0,4093.04091.0,4178.04091.0,4200.04092.0,714.04092.0,4265.04093.0,4045.04093.0,4091.04093.0,4092.04093.0,4187.04094.0,5222.04095.0,4266.04096.0,4093.04097.0,3758.04097.0,4094.04097.0,5223.04098.0,4100.04099.0,4098.04100.0,4196.04101.0,4181.04102.0,694.04102.0,3773.04103.0,694.04103.0,5078.04104.0,687.04104.0,4165.04105.0,4106.04106.0,4154.04106.0,4306.04107.0,687.04107.0,3772.04108.0,622.04108.0,4109.04108.0,4111.04109.0,1037.04109.0,4108.04109.0,5024.04110.0,9724.04111.0,4108.04111.0,4110.04111.0,5026.04112.0,622.04112.0,4111.04113.0,4117.04114.0,616.04114.0,623.04114.0,5082.04115.0,616.04115.0,623.04115.0,4114.04116.0,4113.04116.0,4663.04117.0,4118.04118.0,4115.04119.0,4122.04119.0,5448.04120.0,4121.04120.0,12973.04121.0,957.04121.0,4123.04121.0,4350.04122.0,4119.04122.0,4129.04123.0,5062.04123.0,12973.04124.0,4121.04125.0,4872.04126.0,4128.04127.0,634.04127.0,4129.04128.0,4131.04128.0,4132.04128.0,5024.04129.0,4122.04129.0,4130.04130.0,634.04130.0,5436.04131.0,4128.04131.0,4134.04132.0,4133.04132.0,4135.04133.0,4128.04134.0,4348.04135.0,633.04135.0,4137.04135.0,4140.04135.0,8452.04136.0,4860.04137.0,633.04137.0,4132.04138.0,432.04138.0,3766.04138.0,4349.04139.0,633.04139.0,4135.04140.0,633.04140.0,4349.04141.0,4143.04141.0,4147.04141.0,5042.04142.0,4141.04143.0,4148.04144.0,4141.04145.0,4152.04146.0,4141.04147.0,4148.04148.0,4142.04148.0,4146.04148.0,5481.04149.0,3777.04150.0,4145.04151.0,696.04151.0,4150.04152.0,712.04152.0,4153.04153.0,4074.04153.0,4313.04153.0,5460.04154.0,4156.04155.0,4105.04156.0,4159.04157.0,703.04157.0,4018.04157.0,4158.04157.0,4161.04158.0,702.04158.0,703.04158.0,4159.04159.0,703.04159.0,4155.04159.0,4157.04160.0,702.04160.0,4157.04161.0,4022.04162.0,687.04162.0,4165.04163.0,4164.04163.0,4167.04164.0,4163.04164.0,5056.04165.0,4107.04165.0,4162.04165.0,4166.04166.0,4164.04166.0,4167.04167.0,4165.04167.0,4166.04168.0,700.04168.0,704.04168.0,4017.04169.0,4027.04169.0,4173.04170.0,4465.04171.0,4027.04171.0,4168.04171.0,4169.04172.0,700.04172.0,704.04172.0,4171.04173.0,700.04173.0,4080.04174.0,4095.04175.0,4174.04175.0,4177.04176.0,4182.04176.0,4273.04177.0,1014.04177.0,4176.04178.0,4091.04178.0,4189.04178.0,4191.04179.0,714.04179.0,4178.04180.0,5219.04181.0,4183.04182.0,4175.04182.0,4180.04183.0,4099.04183.0,4185.04184.0,714.04184.0,715.04184.0,4189.04185.0,4191.04186.0,4183.04187.0,714.04187.0,4093.04187.0,4189.04188.0,4268.04189.0,714.04189.0,4179.04189.0,4187.04189.0,4188.04190.0,4191.04191.0,4186.04191.0,4193.04191.0,4196.04191.0,4202.04192.0,711.04192.0,4191.04193.0,711.04193.0,4192.04193.0,4198.04194.0,4205.04195.0,5483.04196.0,4084.04196.0,4190.04196.0,4207.04197.0,4198.04198.0,711.04198.0,4193.04198.0,4200.04199.0,4073.04200.0,4194.04200.0,4195.04200.0,4197.04201.0,4200.04202.0,711.04202.0,4203.04203.0,711.04203.0,4178.04204.0,710.04204.0,4091.04205.0,4204.04206.0,4196.04207.0,4206.04207.0,4208.04208.0,4199.04208.0,4207.04209.0,698.04209.0,4215.04210.0,5392.04210.0,5393.04211.0,4209.04212.0,4215.04212.0,4218.04212.0,4221.04213.0,698.04213.0,4212.04214.0,698.04214.0,4219.04215.0,698.04215.0,4213.04215.0,4214.04215.0,4262.04216.0,4217.04216.0,5346.04217.0,4216.04217.0,4218.04218.0,4212.04218.0,4217.04218.0,4220.04219.0,698.04219.0,5391.04220.0,4218.04221.0,4212.04222.0,828.04222.0,834.04222.0,4496.04223.0,828.04223.0,834.04223.0,4225.04224.0,4229.04224.0,4503.04225.0,4222.04225.0,4505.04226.0,827.04226.0,4228.04226.0,5492.04227.0,4228.04228.0,827.04228.0,4226.04228.0,4230.04228.0,6790.04229.0,4227.04230.0,4224.04231.0,4493.04232.0,4234.04233.0,4232.04234.0,4493.04234.0,6950.04235.0,4241.04236.0,4237.04236.0,4242.04237.0,4236.04237.0,4240.04237.0,7417.04238.0,4239.04239.0,4237.04239.0,4470.04239.0,4485.04240.0,4239.04241.0,4237.04241.0,4240.04242.0,4243.04243.0,4224.04243.0,4503.04243.0,6760.04244.0,4239.04245.0,3761.04245.0,4246.04245.0,4248.04246.0,5217.04247.0,4248.04248.0,4245.04248.0,4252.04249.0,3765.04249.0,4245.04249.0,4252.04250.0,4249.04251.0,4252.04251.0,4263.04252.0,4249.04252.0,4251.04252.0,4500.04253.0,855.04253.0,856.04253.0,4540.04254.0,4563.04254.0,4595.04255.0,855.04255.0,856.04255.0,4253.04255.0,4475.04256.0,825.04256.0,4262.04256.0,4263.04257.0,4251.04258.0,825.04258.0,4256.04259.0,825.04259.0,4260.04260.0,825.04260.0,4256.04261.0,6649.04262.0,4215.04262.0,4259.04263.0,825.04263.0,4257.04263.0,4258.04264.0,959.04264.0,4273.04265.0,809.04265.0,4096.04265.0,4267.04265.0,4271.04266.0,4274.04266.0,6812.04267.0,4268.04267.0,4269.04268.0,4184.04268.0,4264.04268.0,4270.04269.0,4267.04269.0,4271.04269.0,6571.04270.0,4268.04270.0,4269.04270.0,5602.04271.0,809.04271.0,4050.04271.0,4265.04272.0,4270.04273.0,991.04273.0,4264.04273.0,4272.04274.0,4177.04275.0,690.04275.0,4276.04275.0,4400.04276.0,690.04276.0,4279.04277.0,690.04277.0,4275.04278.0,690.04278.0,4277.04279.0,690.04279.0,4317.04280.0,706.04280.0,4284.04281.0,704.04281.0,706.04281.0,4286.04281.0,5339.04282.0,705.04282.0,4284.04282.0,4303.04283.0,704.04283.0,706.04283.0,4281.04284.0,705.04284.0,4020.04284.0,4282.04284.0,4334.04285.0,700.04285.0,5348.04285.0,5350.04286.0,4285.04287.0,4288.04288.0,651.04288.0,960.04288.0,4602.04289.0,4448.04290.0,839.04290.0,4627.04291.0,839.04291.0,4293.04292.0,839.04292.0,4290.04293.0,839.04293.0,3752.04293.0,4292.04294.0,647.04294.0,4301.04294.0,5054.04295.0,3768.04296.0,4297.04296.0,4298.04296.0,4410.04297.0,4320.04298.0,4336.04299.0,5077.04300.0,6797.04301.0,647.04301.0,4055.04301.0,4294.04302.0,4301.04303.0,706.04303.0,4304.04304.0,706.04304.0,4283.04305.0,4216.04306.0,4106.04306.0,4307.04306.0,4308.04307.0,4075.04307.0,4077.04307.0,4308.04308.0,3775.04308.0,4306.04309.0,4310.04309.0,4468.04310.0,4309.04310.0,4399.04311.0,4458.04312.0,4316.04312.0,4318.04313.0,696.04313.0,3775.04314.0,696.04314.0,4151.04315.0,4296.04316.0,4451.04317.0,4312.04318.0,4278.04320.0,689.04320.0,4323.04321.0,4459.04322.0,689.04322.0,4296.04323.0,689.04323.0,4315.04323.0,4319.04324.0,4880.04325.0,964.04325.0,4057.04325.0,4326.04325.0,4416.04326.0,4324.04326.0,4325.04326.0,4327.04327.0,4324.04327.0,4326.04327.0,4329.04328.0,4329.04329.0,4327.04329.0,4877.04330.0,648.04330.0,4874.04331.0,649.04331.0,4421.04332.0,649.04332.0,4422.04333.0,4321.04334.0,4457.04335.0,689.04335.0,4333.04336.0,689.04336.0,4335.04337.0,4674.04338.0,4667.04339.0,4340.04340.0,4341.04340.0,4346.04340.0,4670.04341.0,4338.04341.0,4340.04341.0,4342.04342.0,4343.04343.0,4345.04344.0,5385.04345.0,5377.04346.0,5385.04347.0,5024.04348.0,4131.04348.0,4355.04349.0,633.04349.0,4138.04349.0,4139.04350.0,958.04351.0,3767.04351.0,4347.04351.0,8416.04352.0,963.04353.0,5436.04354.0,4348.04354.0,4358.04355.0,4354.04356.0,4376.04356.0,4390.04357.0,634.04357.0,5437.04358.0,5065.04359.0,4364.04359.0,4862.04360.0,4362.04360.0,5527.04360.0,7217.04361.0,634.04361.0,4374.04362.0,4363.04363.0,4353.04364.0,4359.04364.0,4859.04365.0,4366.04365.0,4385.04365.0,4392.04366.0,637.04366.0,4365.04367.0,638.04367.0,4369.04367.0,4370.04367.0,4393.04368.0,636.04368.0,4856.04369.0,4863.04370.0,638.04370.0,4811.04371.0,4373.04372.0,4368.04372.0,4371.04372.0,4375.04373.0,4372.04373.0,4387.04374.0,4390.04375.0,4382.04376.0,4385.04377.0,4356.04378.0,4381.04378.0,4382.04379.0,635.04379.0,5326.04380.0,5072.04381.0,4384.04382.0,4372.04382.0,4378.04383.0,635.04383.0,4379.04383.0,4389.04384.0,4378.04384.0,4388.04384.0,5065.04385.0,4365.04385.0,4377.04385.0,4386.04385.0,4387.04386.0,4380.04387.0,4373.04387.0,4385.04387.0,4391.04388.0,4383.04389.0,4384.04390.0,4356.04390.0,4357.04390.0,4365.04391.0,5065.04392.0,4390.04393.0,4845.04394.0,4367.04395.0,840.04395.0,4396.04395.0,4625.04396.0,840.04396.0,4395.04396.0,4397.04397.0,840.04397.0,970.04397.0,4396.04397.0,4623.04398.0,4310.04399.0,691.04399.0,4275.04400.0,691.04400.0,4398.04401.0,4325.04402.0,626.04402.0,4420.04403.0,4401.04403.0,4402.04404.0,4021.04404.0,4405.04405.0,4404.04405.0,4412.04406.0,4409.04407.0,4018.04407.0,4414.04408.0,705.04408.0,4019.04408.0,4414.04409.0,4172.04409.0,5339.04410.0,4296.04410.0,4411.04411.0,4410.04411.0,4412.04412.0,4405.04412.0,4413.04413.0,4410.04413.0,4412.04414.0,4407.04414.0,4408.04415.0,649.04415.0,4332.04416.0,649.04416.0,4325.04416.0,4415.04417.0,629.04417.0,3803.04417.0,4418.04417.0,4647.04418.0,627.04418.0,4419.04419.0,627.04419.0,4417.04419.0,4420.04420.0,626.04420.0,4403.04420.0,4419.04420.0,5539.04421.0,649.04421.0,4416.04422.0,5336.04423.0,631.04423.0,4424.04423.0,4426.04424.0,4423.04424.0,4760.04425.0,631.04425.0,4437.04426.0,3802.04427.0,629.04427.0,4423.04428.0,632.04428.0,4429.04429.0,632.04429.0,4431.04429.0,4646.04429.0,5519.04430.0,630.04430.0,4437.04431.0,657.04431.0,4429.04431.0,4439.04432.0,4436.04433.0,631.04433.0,4438.04434.0,632.04434.0,4428.04435.0,5204.04436.0,4437.04437.0,631.04437.0,4433.04437.0,4435.04437.0,5167.04438.0,631.04438.0,4442.04439.0,657.04439.0,4431.04439.0,4446.04440.0,657.04440.0,4439.04441.0,656.04441.0,4443.04442.0,4443.04443.0,4425.04443.0,4758.04444.0,657.04444.0,4440.04445.0,657.04445.0,4658.04446.0,4445.04447.0,4455.04448.0,4287.04448.0,5090.04450.0,5039.04451.0,962.04451.0,4312.04451.0,4457.04452.0,4460.04453.0,4461.04454.0,4449.04454.0,4456.04454.0,5045.04455.0,4454.04456.0,5092.04457.0,4451.04457.0,5046.04458.0,4451.04459.0,4463.04460.0,4463.04461.0,5041.04462.0,4453.04463.0,4465.04463.0,5353.04464.0,4462.04465.0,4464.04466.0,4458.04467.0,4466.04468.0,4309.04468.0,4467.04469.0,4307.04470.0,4003.04470.0,4238.04470.0,6775.04471.0,836.04471.0,837.04471.0,4487.04472.0,837.04472.0,4471.04473.0,837.04473.0,4472.04474.0,3988.04474.0,12981.04475.0,855.04475.0,856.04475.0,3884.04475.0,4255.04475.0,4476.04476.0,4477.04476.0,4480.04477.0,4255.04477.0,4476.04477.0,4590.04478.0,857.04478.0,4254.04479.0,853.04479.0,854.04479.0,4480.04480.0,853.04480.0,854.04480.0,3963.04481.0,853.04481.0,4473.04481.0,4483.04482.0,837.04482.0,4483.04483.0,3960.04483.0,4481.04484.0,4485.04484.0,4492.04485.0,4484.04485.0,4486.04486.0,4244.04487.0,836.04487.0,4491.04488.0,836.04488.0,4491.04488.0,4494.04488.0,4506.04489.0,834.04489.0,4484.04490.0,836.04490.0,4488.04491.0,4470.04491.0,4488.04492.0,834.04492.0,4493.04493.0,834.04493.0,4231.04493.0,4233.04493.0,4489.04494.0,3755.04494.0,4495.04495.0,4488.04496.0,4499.04497.0,827.04497.0,4223.04498.0,4497.04498.0,4499.04499.0,4250.04499.0,4500.04500.0,4498.04500.0,5500.04501.0,828.04501.0,4502.04502.0,828.04502.0,4222.04503.0,4224.04503.0,4501.04503.0,4504.04504.0,4235.04504.0,4503.04505.0,828.04505.0,4504.04506.0,837.04506.0,4482.04507.0,4738.04508.0,4509.04509.0,4513.04509.0,4974.04510.0,844.04510.0,4512.04511.0,844.04511.0,3793.04511.0,4512.04512.0,844.04512.0,4511.04512.0,4514.04512.0,4739.04513.0,4507.04513.0,4972.04514.0,844.04514.0,4512.04514.0,4732.04515.0,4518.04515.0,4589.04516.0,4477.04517.0,856.04517.0,4516.04518.0,4515.04518.0,4592.04519.0,956.04519.0,4520.04520.0,4522.04521.0,4524.04522.0,858.04522.0,4037.04522.0,4521.04522.0,4525.04523.0,4474.04523.0,6771.04523.0,12981.04524.0,859.04524.0,4547.04525.0,858.04525.0,3985.04525.0,4522.04526.0,4528.04526.0,4576.04527.0,4615.04528.0,4526.04528.0,4529.04529.0,4527.04529.0,4528.04529.0,4531.04530.0,4531.04531.0,4529.04531.0,4627.04531.0,5153.04532.0,4531.04533.0,862.04533.0,4551.04534.0,859.04534.0,1671.04534.0,4543.04534.0,4584.04535.0,4585.04536.0,861.04536.0,4538.04537.0,861.04537.0,2741.04537.0,4536.04538.0,857.04538.0,860.04538.0,4542.04538.0,4548.04539.0,4550.04540.0,4539.04541.0,862.04541.0,1334.04542.0,857.04542.0,860.04542.0,4545.04543.0,859.04543.0,4534.04544.0,860.04544.0,4551.04544.0,4552.04545.0,860.04545.0,4544.04546.0,859.04546.0,862.04546.0,4543.04547.0,4543.04547.0,4549.04547.0,4584.04548.0,860.04548.0,4537.04548.0,4538.04548.0,4593.04549.0,862.04549.0,4551.04549.0,4553.04550.0,4545.04550.0,4548.04551.0,862.04551.0,4541.04551.0,4546.04551.0,4549.04552.0,4535.04552.0,4550.04553.0,4552.04554.0,5269.04555.0,4561.04556.0,4559.04557.0,4599.04558.0,4559.04559.0,2499.04559.0,2503.04559.0,4557.04559.0,4562.04560.0,4587.04561.0,4704.04562.0,4565.04563.0,4254.04563.0,4591.04563.0,5313.04564.0,4565.04565.0,4558.04565.0,4567.04566.0,5364.04567.0,4564.04567.0,4571.04568.0,4563.04569.0,4570.04570.0,4566.04570.0,5100.04570.0,5273.04571.0,4567.04571.0,5270.04572.0,967.04572.0,4575.04572.0,4609.04573.0,4572.04574.0,841.04574.0,4611.04575.0,4611.04576.0,4573.04577.0,4581.04578.0,4508.04578.0,4579.04578.0,4580.04579.0,4577.04579.0,4578.04580.0,841.04580.0,4578.04580.0,4583.04580.0,5142.04581.0,4635.04582.0,841.04582.0,4580.04583.0,841.04583.0,4574.04584.0,4547.04584.0,4586.04585.0,856.04585.0,4475.04586.0,4036.04587.0,1700.04588.0,4589.04589.0,4515.04589.0,4591.04590.0,4591.04591.0,4517.04591.0,4568.04591.0,4588.04592.0,4518.04592.0,4705.04593.0,857.04593.0,4594.04594.0,857.04594.0,4478.04595.0,4548.04596.0,4569.04597.0,4599.04598.0,4596.04599.0,4556.04599.0,5239.04600.0,4619.04601.0,961.04601.0,4602.04601.0,4619.04602.0,651.04602.0,4288.04602.0,4601.04603.0,4606.04604.0,4600.04605.0,4625.04606.0,4397.04607.0,4605.04608.0,4609.04608.0,5150.04609.0,4572.04609.0,4608.04610.0,4611.04610.0,4630.04611.0,4610.04611.0,4612.04611.0,4626.04611.0,5149.04612.0,4572.04613.0,652.04613.0,961.04614.0,4618.04615.0,4529.04615.0,4620.04616.0,840.04616.0,4395.04617.0,4397.04618.0,4617.04619.0,652.04619.0,969.04619.0,4601.04620.0,4603.04621.0,840.04621.0,4616.04622.0,4615.04623.0,4622.04624.0,4604.04625.0,4621.04625.0,4624.04626.0,841.04626.0,4582.04627.0,839.04627.0,4532.04627.0,4628.04627.0,5153.04628.0,4293.04629.0,4610.04629.0,4640.04629.0,4642.04630.0,4629.04631.0,4633.04632.0,3028.04633.0,3996.04634.0,3757.04635.0,4634.04636.0,653.04636.0,3982.04637.0,653.04637.0,4639.04638.0,655.04638.0,4639.04638.0,5241.04639.0,4636.04639.0,4638.04640.0,842.04640.0,5178.04641.0,842.04641.0,4642.04642.0,842.04642.0,4629.04642.0,4892.04642.0,5148.04643.0,842.04643.0,4642.04644.0,4890.04644.0,5126.04645.0,4655.04646.0,632.04646.0,5167.04647.0,4648.04648.0,629.04648.0,4417.04649.0,5208.04650.0,4649.04650.0,5168.04651.0,4652.04652.0,5522.04653.0,650.04653.0,4654.04654.0,650.04654.0,4331.04655.0,5282.04656.0,4658.04657.0,4757.04658.0,4444.04658.0,4657.04658.0,4891.04659.0,620.04659.0,624.04659.0,5506.04660.0,4295.04661.0,624.04661.0,4082.04661.0,4662.04662.0,624.04662.0,4116.04662.0,4661.04663.0,4662.04664.0,620.04664.0,5505.04665.0,4660.04666.0,625.04666.0,5553.04667.0,3981.04667.0,3982.04667.0,4341.04668.0,4674.04669.0,5290.04670.0,3983.04670.0,4340.04670.0,4672.04671.0,654.04671.0,4670.04672.0,654.04672.0,5382.04673.0,5291.04674.0,4669.04674.0,4673.04674.0,5120.04675.0,686.04675.0,5285.04676.0,663.04676.0,3746.04676.0,4990.04677.0,662.04677.0,4681.04679.0,662.04679.0,4677.04680.0,5132.04681.0,4678.04681.0,4680.04681.0,4985.04682.0,4683.04683.0,659.04683.0,4685.04683.0,5165.04684.0,660.04684.0,4989.04685.0,4682.04685.0,4684.04685.0,4689.04685.0,4783.04686.0,660.04686.0,4685.04687.0,660.04687.0,4689.04687.0,4989.04688.0,4691.04689.0,663.04689.0,4685.04689.0,4687.04689.0,4992.04690.0,3747.04691.0,4690.04691.0,5133.04692.0,5249.04693.0,4692.04694.0,5140.04695.0,4703.04696.0,4701.04697.0,4698.04698.0,4695.04698.0,4734.04698.0,4964.04699.0,4555.04700.0,4736.04701.0,5107.04702.0,5105.04703.0,5099.04704.0,849.04704.0,4560.04704.0,4705.04705.0,849.04705.0,4704.04705.0,4706.04705.0,4708.04706.0,849.04706.0,4709.04707.0,851.04707.0,4712.04708.0,849.04708.0,4592.04709.0,4710.04709.0,4711.04709.0,4715.04710.0,849.04710.0,4705.04711.0,3965.04711.0,4709.04711.0,4712.04712.0,851.04712.0,3961.04712.0,3962.04712.0,4711.04712.0,5146.04713.0,5140.04714.0,850.04714.0,4718.04714.0,4968.04714.0,4970.04715.0,4709.04715.0,4713.04715.0,5146.04716.0,4715.04717.0,842.04717.0,4629.04718.0,850.04718.0,4714.04718.0,5147.04719.0,4718.04720.0,4721.04720.0,4723.04721.0,4720.04721.0,4722.04722.0,3970.04722.0,4721.04723.0,4730.04724.0,4720.04725.0,4731.04725.0,4736.04726.0,4724.04726.0,4727.04727.0,4728.04728.0,4726.04728.0,4737.04728.0,5151.04729.0,4702.04729.0,4737.04730.0,4726.04731.0,4725.04731.0,4734.04732.0,4735.04733.0,4514.04734.0,4698.04734.0,4731.04735.0,1356.04735.0,4733.04736.0,972.04736.0,4725.04736.0,4738.04737.0,4728.04737.0,4729.04738.0,4696.04738.0,4736.04738.0,4737.04739.0,3796.04739.0,4510.04739.0,4742.04740.0,685.04740.0,4754.04741.0,680.04741.0,681.04741.0,4963.04742.0,4032.04743.0,4735.04744.0,4748.04745.0,4744.04746.0,4753.04747.0,5176.04748.0,685.04748.0,4751.04749.0,685.04749.0,2445.04749.0,4750.04750.0,685.04750.0,4740.04751.0,685.04751.0,4749.04752.0,4755.04753.0,4745.04754.0,4752.04755.0,3794.04755.0,4746.04755.0,4747.04756.0,4765.04757.0,4656.04757.0,4765.04757.0,5276.04758.0,656.04758.0,4424.04758.0,4441.04758.0,4761.04758.0,4763.04759.0,656.04759.0,4758.04760.0,4758.04761.0,656.04761.0,4757.04762.0,4763.04763.0,656.04763.0,4758.04763.0,4764.04764.0,4762.04765.0,4757.04765.0,4759.04766.0,4344.04766.0,5282.04767.0,4766.04768.0,682.04768.0,4769.04768.0,5169.04768.0,5402.04769.0,4768.04769.0,4785.04769.0,4787.04770.0,4729.04771.0,845.04771.0,1692.04772.0,4771.04772.0,4773.04772.0,5269.04773.0,845.04773.0,5275.04774.0,845.04774.0,4772.04775.0,845.04775.0,4774.04776.0,4778.04777.0,680.04777.0,681.04777.0,4776.04777.0,4786.04777.0,4963.04778.0,2744.04778.0,4777.04778.0,4779.04779.0,4778.04780.0,5115.04781.0,843.04781.0,5111.04782.0,5263.04782.0,5266.04782.0,5274.04783.0,4685.04783.0,4951.04784.0,661.04784.0,4952.04784.0,4953.04784.0,12976.04785.0,4769.04785.0,4961.04786.0,5308.04787.0,5403.04788.0,4777.04789.0,4785.04790.0,683.04790.0,5246.04790.0,5465.04791.0,5009.04792.0,4814.04793.0,643.04793.0,4795.04794.0,4808.04795.0,643.04795.0,4807.04796.0,643.04796.0,5019.04797.0,4800.04797.0,4820.04797.0,4822.04798.0,4806.04799.0,4797.04800.0,4798.04801.0,640.04801.0,4799.04802.0,5412.04803.0,640.04803.0,4804.04804.0,640.04804.0,3971.04804.0,4810.04805.0,640.04805.0,4809.04806.0,640.04806.0,4801.04806.0,4805.04807.0,4806.04808.0,4803.04809.0,643.04809.0,4796.04810.0,4802.04811.0,638.04811.0,4367.04811.0,4930.04811.0,5521.04812.0,5366.04813.0,4814.04814.0,3974.04814.0,4931.04814.0,5518.04815.0,4816.04815.0,5023.04816.0,2834.04817.0,4815.04818.0,4832.04819.0,641.04819.0,4797.04820.0,641.04820.0,4819.04820.0,5442.04821.0,3972.04821.0,4823.04821.0,4827.04822.0,4797.04822.0,4821.04823.0,4821.04823.0,4831.04823.0,4842.04824.0,5018.04825.0,4854.04825.0,5413.04826.0,4829.04826.0,5018.04827.0,4821.04827.0,4823.04827.0,4828.04828.0,4792.04828.0,4827.04828.0,4843.04829.0,4825.04830.0,4829.04831.0,639.04831.0,4834.04832.0,4837.04832.0,4852.04832.0,5450.04833.0,639.04833.0,4842.04834.0,639.04834.0,4838.04835.0,4836.04836.0,4847.04836.0,9059.04837.0,4832.04837.0,4844.04838.0,4822.04838.0,4841.04839.0,4828.04840.0,4837.04841.0,4832.04842.0,639.04842.0,4823.04842.0,4844.04842.0,4849.04843.0,4839.04843.0,4848.04843.0,4849.04844.0,4833.04844.0,4840.04844.0,4847.04845.0,4394.04846.0,4848.04847.0,4835.04847.0,4844.04847.0,4848.04847.0,4850.04848.0,4843.04848.0,4846.04848.0,4847.04849.0,639.04849.0,4842.04849.0,4843.04849.0,4847.04850.0,4849.04851.0,4838.04852.0,4851.04853.0,5426.04854.0,6655.04855.0,4854.04856.0,636.04856.0,4857.04856.0,4860.04856.0,5324.04857.0,636.04857.0,4372.04858.0,4367.04859.0,4364.04859.0,4864.04860.0,636.04860.0,4856.04860.0,4858.04860.0,4861.04860.0,8842.04861.0,636.04861.0,4860.04861.0,4862.04862.0,4359.04862.0,4861.04863.0,450.04863.0,4860.04864.0,4859.04864.0,5326.04865.0,635.04865.0,4864.04866.0,5096.04866.0,5097.04867.0,4866.04868.0,4328.04868.0,4884.04869.0,4870.04869.0,4881.04870.0,4057.04870.0,4883.04871.0,4887.04872.0,4875.04872.0,4876.04873.0,4403.04874.0,648.04874.0,4868.04874.0,4881.04875.0,4051.04876.0,3809.04876.0,4886.04877.0,4886.04877.0,4887.04878.0,648.04878.0,4871.04879.0,648.04879.0,4874.04879.0,4878.04880.0,4870.04881.0,4330.04881.0,4869.04883.0,4882.04884.0,4328.04884.0,4877.04885.0,4875.04885.0,4884.04886.0,3809.04886.0,4885.04887.0,5343.04888.0,684.04888.0,4644.04888.0,4890.04888.0,5124.04889.0,4890.04889.0,5121.04890.0,4644.04890.0,4888.04890.0,4889.04891.0,4866.04892.0,5003.04893.0,4643.04894.0,645.04894.0,4895.04894.0,4920.04895.0,645.04895.0,4894.04895.0,4918.04895.0,5414.04896.0,4897.04896.0,4936.04897.0,4898.04897.0,5095.04898.0,4853.04899.0,3735.04899.0,4911.04900.0,4903.04900.0,4909.04901.0,667.04901.0,4904.04901.0,4906.04902.0,667.04902.0,4900.04902.0,4907.04903.0,4899.04903.0,4910.04904.0,667.04904.0,4905.04904.0,12974.04905.0,4901.04905.0,4926.04905.0,12974.04906.0,667.04906.0,4902.04906.0,4908.04907.0,4902.04907.0,4908.04908.0,667.04908.0,4901.04908.0,4906.04909.0,4900.04909.0,4907.04910.0,4903.04910.0,4909.04911.0,4899.04911.0,4910.04911.0,5161.04912.0,669.04912.0,3743.04913.0,669.04913.0,4915.04913.0,5155.04913.0,5156.04914.0,4949.04915.0,4912.04915.0,4913.04915.0,4917.04916.0,4915.04917.0,4914.04918.0,645.04918.0,4895.04918.0,4923.04918.0,5422.04919.0,645.04919.0,4918.04920.0,5471.04921.0,4894.04922.0,5474.04923.0,4918.04923.0,4934.04924.0,5408.04925.0,5138.04926.0,666.04926.0,4905.04926.0,4927.04926.0,4928.04926.0,12974.04927.0,666.04927.0,4926.04928.0,666.04928.0,5096.04929.0,666.04929.0,4926.04930.0,638.04930.0,4814.04931.0,638.04931.0,4811.04932.0,4923.04933.0,644.04933.0,3976.04933.0,4935.04933.0,5293.04934.0,938.04934.0,4932.04935.0,4896.04935.0,4933.04936.0,4935.04937.0,5423.04938.0,4939.04939.0,4940.04939.0,5157.04940.0,3186.04941.0,5010.04942.0,668.04942.0,5160.04943.0,670.04943.0,4946.04944.0,4947.04945.0,1703.04945.0,4916.04945.0,4943.04946.0,4945.04946.0,4948.04947.0,4944.04947.0,4948.04948.0,4946.04948.0,4947.04949.0,4945.04950.0,663.04950.0,4689.04951.0,661.04951.0,4784.04951.0,12976.04952.0,661.04952.0,4783.04952.0,12976.04953.0,661.04953.0,4784.04953.0,4956.04953.0,12976.04954.0,677.04954.0,4955.04955.0,677.04955.0,4950.04956.0,661.04956.0,4953.04956.0,12976.04957.0,5133.04958.0,4957.04959.0,680.04959.0,5127.04960.0,4769.04961.0,683.04961.0,5246.04962.0,678.04962.0,683.04962.0,5465.04963.0,680.04963.0,681.04963.0,4777.04963.0,4959.04963.0,4979.04963.0,5152.04964.0,4966.04965.0,4972.04966.0,4968.04966.0,4977.04967.0,850.04967.0,4714.04968.0,4714.04968.0,4966.04968.0,4971.04969.0,850.04969.0,4967.04969.0,4972.04969.0,4975.04970.0,850.04970.0,4969.04971.0,4969.04972.0,4513.04972.0,4973.04972.0,4974.04973.0,4969.04974.0,4509.04974.0,4579.04975.0,4976.04976.0,4968.04977.0,4698.04978.0,678.04978.0,4979.04979.0,4962.04979.0,4963.04979.0,5401.04980.0,671.04980.0,5244.04981.0,671.04981.0,4980.04982.0,5117.04983.0,4984.04984.0,659.04984.0,5316.04985.0,4681.04985.0,4986.04985.0,4990.04986.0,4985.04986.0,5006.04986.0,5117.04987.0,4985.04988.0,4986.04989.0,660.04989.0,4686.04989.0,4988.04989.0,4990.04990.0,660.04990.0,4676.04990.0,4687.04990.0,4989.04991.0,666.04991.0,5139.04992.0,4995.04993.0,677.04993.0,3804.04994.0,677.04994.0,4954.04995.0,677.04995.0,4993.04996.0,848.04996.0,5311.04997.0,664.04997.0,4998.04997.0,5139.04998.0,664.04998.0,3733.04998.0,4999.04999.0,664.04999.0,4997.05000.0,3733.05001.0,4925.05002.0,4987.05003.0,5280.05004.0,658.05004.0,4767.05005.0,658.05005.0,5384.05006.0,658.05006.0,5005.05006.0,5007.05006.0,5116.05007.0,658.05007.0,5002.05007.0,5006.05008.0,671.05008.0,5009.05009.0,3040.05009.0,5012.05010.0,4958.05011.0,4941.05012.0,671.05012.0,5008.05012.0,5319.05013.0,4812.05013.0,4824.05014.0,4815.05014.0,5016.05015.0,5017.05015.0,5020.05016.0,5015.05017.0,4793.05018.0,5371.05019.0,643.05019.0,5022.05020.0,5021.05021.0,5014.05022.0,5015.05023.0,5014.05024.0,4109.05024.0,4126.05024.0,5025.05025.0,4351.05026.0,622.05026.0,5027.05027.0,4112.05027.0,5029.05027.0,5031.05027.0,5066.05028.0,4044.05028.0,5094.05029.0,4121.05029.0,12973.05030.0,5028.05031.0,3782.05032.0,5505.05033.0,713.05033.0,715.05033.0,5220.05034.0,5459.05035.0,5461.05036.0,405.05036.0,4044.05036.0,5032.05036.0,5037.05036.0,7514.05037.0,5047.05038.0,4323.05039.0,4454.05039.0,5045.05040.0,5039.05041.0,5040.05041.0,5048.05042.0,4144.05042.0,6582.05044.0,5458.05045.0,4454.05045.0,4468.05046.0,5045.05046.0,5048.05047.0,619.05047.0,3785.05047.0,5036.05048.0,4452.05048.0,5038.05048.0,5041.05049.0,617.05049.0,3784.05050.0,5188.05051.0,619.05051.0,623.05051.0,5052.05052.0,619.05052.0,623.05052.0,5060.05053.0,4302.05053.0,5054.05054.0,4163.05054.0,5056.05055.0,5053.05056.0,5050.05056.0,5055.05057.0,5051.05058.0,5055.05059.0,619.05059.0,5202.05060.0,619.05060.0,5061.05061.0,5059.05062.0,5027.05062.0,12973.05063.0,5065.05064.0,5437.05065.0,4354.05065.0,4384.05065.0,4387.05065.0,5072.05066.0,621.05066.0,5068.05067.0,5069.05068.0,621.05068.0,5027.05068.0,5498.05069.0,621.05069.0,5068.05070.0,634.05070.0,5074.05071.0,5064.05072.0,5071.05073.0,5063.05074.0,5073.05075.0,5076.05075.0,5453.05076.0,3976.05076.0,5075.05076.0,5409.05077.0,4300.05077.0,5079.05077.0,5083.05078.0,694.05078.0,4102.05078.0,5079.05079.0,5078.05079.0,5085.05080.0,976.05081.0,616.05081.0,5189.05082.0,623.05082.0,5234.05083.0,5081.05083.0,5086.05084.0,693.05084.0,5088.05085.0,693.05085.0,5084.05086.0,3779.05086.0,5077.05086.0,5083.05087.0,693.05087.0,5077.05088.0,693.05088.0,6815.05089.0,691.05089.0,5092.05090.0,5093.05091.0,4448.05092.0,691.05092.0,4447.05092.0,5093.05093.0,691.05093.0,5089.05093.0,5091.05094.0,5507.05095.0,4898.05095.0,5096.05096.0,4867.05096.0,4929.05096.0,5095.05096.0,6650.05097.0,4658.05098.0,5100.05099.0,847.05099.0,4697.05099.0,5106.05099.0,5251.05100.0,4570.05100.0,5108.05100.0,5110.05101.0,5115.05102.0,5104.05103.0,5111.05104.0,5105.05104.0,5112.05105.0,4770.05105.0,5104.05105.0,5107.05106.0,4700.05106.0,5099.05106.0,5107.05107.0,5105.05107.0,5106.05107.0,5108.05108.0,1227.05108.0,5100.05108.0,5113.05109.0,5106.05110.0,5109.05111.0,4035.05111.0,5101.05111.0,5102.05112.0,5111.05113.0,5108.05113.0,5115.05114.0,974.05115.0,5103.05115.0,5113.05115.0,5114.05116.0,5123.05117.0,4983.05117.0,4986.05117.0,5116.05118.0,680.05118.0,4741.05119.0,4337.05119.0,5126.05120.0,5119.05121.0,5294.05122.0,4889.05123.0,5284.05124.0,684.05124.0,4888.05124.0,5125.05125.0,684.05125.0,5280.05126.0,4644.05126.0,5119.05127.0,679.05127.0,5118.05127.0,5128.05127.0,5174.05128.0,679.05128.0,5131.05129.0,679.05129.0,5130.05129.0,5174.05130.0,679.05130.0,5129.05130.0,5131.05131.0,679.05131.0,5387.05132.0,662.05132.0,4679.05132.0,5138.05133.0,4691.05133.0,5011.05133.0,5136.05134.0,5000.05135.0,5136.05135.0,5137.05136.0,5133.05136.0,5135.05137.0,5138.05138.0,5132.05138.0,5134.05138.0,5135.05139.0,3734.05139.0,4991.05140.0,4693.05140.0,5141.05141.0,4716.05142.0,5144.05143.0,5181.05144.0,4728.05145.0,4611.05146.0,4707.05146.0,4715.05146.0,4719.05147.0,851.05147.0,5146.05148.0,4642.05148.0,5150.05148.0,5206.05149.0,5143.05150.0,4608.05150.0,5148.05151.0,4580.05152.0,681.05152.0,5406.05153.0,4627.05153.0,5154.05154.0,4530.05155.0,669.05155.0,5158.05156.0,977.05157.0,5159.05158.0,4938.05159.0,4913.05160.0,668.05160.0,4942.05160.0,5172.05161.0,4911.05161.0,5162.05162.0,668.05162.0,5160.05163.0,1217.05163.0,1706.05163.0,5310.05164.0,675.05164.0,978.05164.0,5237.05164.0,5466.05165.0,659.05165.0,4683.05165.0,5318.05166.0,4614.05166.0,5207.05167.0,4432.05167.0,4434.05167.0,5210.05168.0,4430.05169.0,682.05169.0,4768.05169.0,5170.05170.0,5174.05171.0,668.05171.0,5161.05172.0,668.05172.0,5171.05173.0,5285.05174.0,5127.05174.0,5129.05174.0,5169.05175.0,3981.05175.0,5287.05176.0,4755.05176.0,5298.05177.0,5182.05178.0,5182.05179.0,6943.05180.0,5430.05181.0,3969.05182.0,979.05182.0,4717.05183.0,692.05183.0,5198.05184.0,692.05184.0,5195.05185.0,692.05185.0,5183.05185.0,5195.05186.0,5191.05186.0,5197.05187.0,5185.05187.0,5194.05188.0,5187.05188.0,5196.05189.0,616.05189.0,5191.05189.0,5197.05190.0,616.05190.0,5193.05191.0,5189.05191.0,5190.05192.0,5086.05193.0,5192.05194.0,5187.05194.0,5196.05195.0,692.05195.0,5185.05195.0,5194.05196.0,5058.05196.0,5188.05197.0,5186.05197.0,5200.05198.0,692.05198.0,5199.05198.0,5201.05199.0,5184.05199.0,5198.05200.0,5199.05200.0,5201.05201.0,5186.05201.0,5200.05202.0,4660.05202.0,4664.05203.0,4651.05204.0,5203.05205.0,5148.05205.0,5166.05206.0,5205.05207.0,5205.05208.0,5210.05209.0,4649.05210.0,5167.05210.0,5209.05211.0,5224.05212.0,5220.05213.0,708.05213.0,5455.05214.0,4175.05215.0,715.05215.0,5212.05216.0,715.05216.0,5215.05217.0,5212.05217.0,5223.05218.0,713.05218.0,5211.05218.0,5226.05219.0,5227.05220.0,713.05220.0,5218.05220.0,5228.05221.0,713.05221.0,5229.05222.0,4097.05222.0,5214.05223.0,715.05223.0,4097.05223.0,5222.05224.0,985.05225.0,5226.05226.0,5218.05226.0,5221.05227.0,5216.05228.0,4247.05228.0,5217.05229.0,713.05229.0,4247.05229.0,5228.05230.0,5231.05231.0,6800.05232.0,5230.05232.0,7047.05233.0,7047.05234.0,5080.05235.0,675.05235.0,5164.05236.0,1212.05236.0,1711.05236.0,2589.05237.0,675.05237.0,1710.05238.0,5248.05239.0,846.05239.0,5240.05240.0,846.05240.0,5260.05241.0,655.05241.0,5383.05242.0,4638.05242.0,5241.05243.0,683.05243.0,4790.05244.0,4981.05244.0,5472.05245.0,5145.05246.0,683.05246.0,4789.05246.0,5243.05247.0,5314.05247.0,12975.05248.0,5254.05248.0,5267.05248.0,5365.05249.0,981.05249.0,4694.05249.0,5256.05250.0,847.05250.0,5248.05251.0,5099.05251.0,5252.05251.0,5261.05252.0,5249.05252.0,5251.05253.0,846.05253.0,4597.05254.0,5261.05255.0,848.05255.0,5258.05256.0,5249.05256.0,5259.05256.0,5264.05257.0,5303.05258.0,4563.05259.0,846.05259.0,5256.05259.0,5260.05260.0,846.05260.0,5253.05260.0,5259.05261.0,5250.05261.0,5251.05261.0,5301.05262.0,4782.05263.0,5267.05264.0,4699.05264.0,5256.05264.0,5257.05265.0,5264.05266.0,5267.05267.0,4782.05267.0,5248.05267.0,5262.05268.0,5272.05269.0,1687.05269.0,4772.05269.0,5270.05270.0,4772.05270.0,5269.05270.0,5271.05270.0,5274.05271.0,4571.05272.0,5305.05273.0,5268.05274.0,845.05274.0,4782.05274.0,5270.05275.0,5270.05276.0,658.05276.0,4756.05276.0,5007.05277.0,5276.05278.0,684.05278.0,5124.05279.0,5277.05280.0,684.05280.0,5278.05280.0,5281.05281.0,4893.05282.0,4766.05282.0,5279.05283.0,5004.05284.0,5283.05285.0,686.05285.0,5289.05285.0,5295.05286.0,5173.05286.0,5291.05287.0,5286.05287.0,5290.05288.0,5297.05289.0,686.05289.0,5285.05289.0,5291.05290.0,4668.05290.0,5175.05290.0,5287.05291.0,5286.05291.0,5290.05292.0,644.05292.0,5293.05293.0,644.05293.0,4924.05293.0,4933.05293.0,5296.05294.0,686.05294.0,5122.05294.0,5289.05294.0,5295.05295.0,686.05295.0,5288.05295.0,5294.05296.0,644.05296.0,4921.05296.0,5293.05297.0,5176.05298.0,5299.05299.0,5294.05300.0,847.05300.0,5301.05301.0,847.05301.0,5302.05301.0,5304.05302.0,5261.05303.0,5312.05304.0,847.05304.0,4570.05304.0,5300.05305.0,5304.05306.0,5265.05307.0,5306.05308.0,678.05308.0,5309.05309.0,678.05309.0,4788.05309.0,5310.05310.0,678.05310.0,5163.05310.0,5309.05311.0,848.05311.0,5307.05312.0,848.05312.0,5313.05313.0,848.05313.0,4996.05313.0,5255.05314.0,5320.05314.0,12975.05315.0,5316.05316.0,659.05316.0,4982.05316.0,5165.05316.0,5318.05317.0,5373.05318.0,659.05318.0,5316.05318.0,5317.05319.0,671.05319.0,5244.05319.0,5320.05320.0,5012.05320.0,5319.05321.0,5329.05322.0,5359.05323.0,5325.05323.0,5369.05324.0,635.05324.0,5326.05325.0,5345.05326.0,635.05326.0,4383.05326.0,4856.05326.0,4865.05327.0,5328.05328.0,5332.05329.0,5332.05330.0,642.05330.0,5359.05330.0,5446.05331.0,652.05331.0,5333.05331.0,5334.05332.0,5322.05332.0,5327.05333.0,5378.05334.0,652.05334.0,984.05334.0,4613.05334.0,5331.05335.0,650.05335.0,4653.05335.0,5336.05336.0,650.05336.0,4653.05336.0,5380.05337.0,5336.05337.0,5367.05338.0,5337.05339.0,4280.05339.0,4281.05339.0,4409.05340.0,5339.05341.0,4210.05341.0,5399.05342.0,5353.05343.0,5323.05344.0,688.05344.0,5342.05344.0,5352.05345.0,4125.05346.0,5431.05347.0,4305.05347.0,5346.05348.0,5350.05348.0,5354.05349.0,5347.05350.0,5349.05351.0,688.05351.0,4061.05352.0,688.05352.0,3805.05352.0,5344.05352.0,5351.05353.0,4170.05353.0,5352.05354.0,5393.05355.0,673.05355.0,674.05355.0,1731.05356.0,673.05356.0,674.05356.0,676.05356.0,4002.05357.0,642.05357.0,5330.05358.0,5330.05359.0,642.05359.0,5321.05359.0,5357.05359.0,5361.05360.0,982.05360.0,5362.05361.0,642.05361.0,5362.05362.0,5359.05362.0,5360.05362.0,5435.05363.0,642.05363.0,5362.05364.0,5238.05365.0,4598.05366.0,3245.05367.0,650.05367.0,651.05367.0,5368.05368.0,651.05368.0,5325.05369.0,5370.05370.0,5335.05371.0,5381.05372.0,5242.05372.0,5374.05373.0,655.05373.0,5372.05373.0,5382.05374.0,5130.05375.0,5381.05375.0,5433.05375.0,5462.05376.0,646.05376.0,5456.05377.0,5378.05377.0,5379.05378.0,5386.05379.0,5334.05380.0,5331.05381.0,983.05381.0,5375.05382.0,655.05382.0,4671.05382.0,5315.05382.0,5373.05383.0,655.05383.0,5372.05383.0,5382.05384.0,5276.05385.0,4339.05385.0,5377.05385.0,5386.05386.0,4645.05386.0,5385.05387.0,5242.05388.0,5225.05389.0,5396.05389.0,5400.05390.0,5389.05390.0,5391.05391.0,4211.05391.0,5388.05391.0,5390.05392.0,5391.05393.0,5392.05393.0,5395.05393.0,5396.05394.0,699.05394.0,5477.05395.0,5487.05396.0,5395.05396.0,5400.05397.0,699.05397.0,5461.05398.0,5397.05399.0,5398.05400.0,5399.05401.0,5404.05402.0,682.05402.0,4040.05402.0,5405.05403.0,4979.05404.0,4960.05405.0,682.05405.0,5406.05406.0,681.05406.0,4963.05406.0,5402.05407.0,5412.05407.0,5426.05408.0,4922.05408.0,5415.05409.0,4855.05410.0,4895.05410.0,5416.05410.0,5417.05411.0,5407.05412.0,4794.05412.0,5411.05413.0,3975.05414.0,645.05414.0,5410.05415.0,5425.05416.0,5419.05417.0,5410.05417.0,5421.05418.0,5423.05418.0,12974.05419.0,5410.05419.0,5418.05419.0,5424.05419.0,12974.05420.0,5408.05421.0,5417.05421.0,5422.05422.0,4919.05422.0,5421.05423.0,4937.05423.0,5419.05424.0,5420.05425.0,5428.05426.0,4935.05426.0,5427.05427.0,5407.05428.0,5419.05429.0,5434.05430.0,6950.05431.0,4010.05432.0,646.05432.0,5376.05433.0,4830.05433.0,5366.05434.0,5475.05435.0,5363.05435.0,5445.05436.0,4127.05436.0,5070.05436.0,5437.05437.0,4352.05437.0,4361.05437.0,5436.05438.0,641.05438.0,5440.05439.0,5438.05439.0,5450.05440.0,641.05440.0,5442.05441.0,5439.05442.0,641.05442.0,4820.05442.0,5441.05442.0,5443.05443.0,5442.05443.0,5447.05444.0,5443.05445.0,5435.05445.0,5449.05446.0,5358.05446.0,5447.05447.0,5444.05447.0,5446.05448.0,4119.05448.0,4124.05449.0,5450.05450.0,4832.05450.0,5439.05450.0,5445.05451.0,646.05451.0,6947.05452.0,708.05452.0,5458.05452.0,7335.05453.0,6952.05454.0,697.05454.0,4074.05454.0,5394.05455.0,708.05455.0,4085.05455.0,5452.05456.0,646.05456.0,5463.05457.0,5451.05458.0,708.05458.0,5455.05458.0,5478.05458.0,6520.05459.0,4153.05460.0,5035.05461.0,697.05461.0,986.05461.0,5034.05462.0,5457.05463.0,5375.05464.0,5465.05465.0,4790.05465.0,4978.05465.0,5469.05466.0,672.05466.0,675.05466.0,5467.05467.0,672.05467.0,5164.05467.0,5468.05467.0,5559.05468.0,5464.05469.0,5467.05470.0,4994.05470.0,5473.05470.0,12975.05471.0,5296.05472.0,5470.05472.0,5473.05472.0,12975.05473.0,5247.05473.0,5472.05474.0,644.05474.0,5292.05475.0,4216.05475.0,5341.05476.0,712.05476.0,5454.05477.0,5349.05477.0,5488.05478.0,709.05478.0,5479.05478.0,5489.05479.0,709.05479.0,5213.05479.0,5478.05480.0,5485.05480.0,5486.05481.0,4148.05481.0,5480.05482.0,709.05482.0,5484.05482.0,5489.05483.0,709.05483.0,4201.05483.0,5478.05483.0,5479.05484.0,709.05484.0,5483.05485.0,712.05485.0,5476.05486.0,4208.05486.0,5482.05487.0,5340.05487.0,5348.05487.0,5354.05488.0,5340.05488.0,5487.05489.0,5481.05490.0,827.05490.0,5495.05491.0,5490.05492.0,1035.05492.0,4226.05492.0,5491.05492.0,5496.05493.0,5499.05493.0,5508.05494.0,5503.05495.0,6946.05496.0,5491.05496.0,5492.05497.0,4083.05497.0,5494.05497.0,5498.05498.0,5067.05498.0,5497.05498.0,5549.05499.0,5493.05499.0,7217.05500.0,5492.05500.0,5495.05501.0,5502.05501.0,5509.05502.0,5501.05502.0,5513.05503.0,624.05503.0,5504.05503.0,5507.05504.0,5506.05505.0,620.05505.0,980.05505.0,5506.05505.0,5507.05506.0,620.05506.0,4665.05506.0,5505.05507.0,5030.05507.0,5498.05507.0,5503.05508.0,5502.05508.0,5509.05509.0,5499.05509.0,5508.05510.0,5518.05511.0,630.05511.0,5512.05512.0,630.05512.0,5523.05513.0,5514.05513.0,5553.05514.0,5501.05514.0,5513.05515.0,5532.05516.0,630.05516.0,637.05516.0,5520.05517.0,5522.05518.0,4813.05518.0,5515.05518.0,5519.05519.0,632.05519.0,4429.05519.0,5517.05519.0,5518.05520.0,630.05520.0,5521.05521.0,4811.05521.0,5510.05521.0,5522.05522.0,4650.05522.0,5511.05522.0,5521.05523.0,628.05523.0,637.05523.0,5524.05523.0,5526.05524.0,628.05524.0,637.05524.0,5516.05524.0,5523.05525.0,5519.05526.0,628.05526.0,637.05526.0,5535.05527.0,626.05527.0,5541.05528.0,588.05528.0,717.05528.0,3991.05529.0,627.05529.0,5531.05529.0,5535.05530.0,626.05530.0,7219.05531.0,627.05531.0,628.05531.0,5524.05532.0,5540.05533.0,5534.05533.0,5552.05534.0,5533.05534.0,5537.05535.0,628.05535.0,5529.05535.0,5548.05536.0,625.05536.0,958.05536.0,5551.05537.0,625.05537.0,5536.05537.0,5542.05538.0,5550.05539.0,626.05539.0,4420.05539.0,5530.05539.0,5541.05540.0,1018.05541.0,5539.05541.0,5544.05542.0,625.05542.0,5533.05542.0,5537.05543.0,5539.05543.0,5544.05544.0,5543.05544.0,5547.05545.0,5543.05546.0,5534.05546.0,5552.05547.0,988.05547.0,5548.05548.0,5545.05548.0,5547.05549.0,5546.05550.0,5497.05550.0,5549.05551.0,5514.05551.0,5553.05552.0,5538.05552.0,5546.05553.0,4057.05553.0,5542.05553.0,5551.05554.0,5555.05554.0,5556.05555.0,4067.05555.0,5554.05556.0,717.05556.0,5560.05556.0,5717.05557.0,5525.05558.0,838.05558.0,4009.05559.0,672.05559.0,673.05559.0,674.05559.0,4002.05560.0,717.05560.0,7211.05561.0,797.05561.0,3681.05561.0,6171.05561.0,6685.05562.0,566.05562.0,571.05562.0,3931.05562.0,3932.05562.0,5563.05563.0,566.05563.0,571.05563.0,5562.05563.0,7100.05564.0,523.05564.0,5567.05564.0,5589.05564.0,6196.05565.0,523.05565.0,5564.05566.0,527.05566.0,5568.05566.0,5804.05566.0,5806.05567.0,523.05567.0,6193.05568.0,527.05568.0,5569.05569.0,527.05569.0,11374.05570.0,751.05570.0,752.05570.0,5571.05570.0,6242.05571.0,751.05571.0,5570.05571.0,5574.05572.0,751.05572.0,5574.05573.0,5977.05574.0,5571.05574.0,5573.05574.0,5953.05575.0,537.05575.0,6878.05576.0,5586.05576.0,5988.05577.0,5578.05578.0,5581.05579.0,538.05579.0,5584.05579.0,5982.05580.0,537.05580.0,5576.05580.0,5984.05581.0,5580.05582.0,537.05582.0,5587.05583.0,5582.05584.0,538.05584.0,5588.05585.0,537.05585.0,6338.05586.0,5587.05587.0,537.05587.0,5585.05587.0,5988.05588.0,538.05588.0,5575.05588.0,5580.05589.0,6276.05590.0,522.05590.0,6278.05591.0,522.05591.0,5590.05591.0,5592.05592.0,522.05592.0,5591.05592.0,6276.05593.0,522.05593.0,532.05593.0,6191.05593.0,6266.05593.0,7169.05594.0,522.05594.0,532.05594.0,5593.05595.0,545.05595.0,6201.05596.0,8761.05597.0,547.05597.0,6332.05598.0,547.05598.0,5597.05599.0,991.05599.0,6620.05600.0,6821.05601.0,810.05601.0,5604.05601.0,6575.05602.0,810.05602.0,4270.05602.0,5603.05603.0,5601.05604.0,810.05604.0,5602.05605.0,5599.05606.0,818.05606.0,6852.05607.0,3024.05607.0,5608.05608.0,5607.05608.0,6743.05608.0,7436.05609.0,5613.05610.0,5612.05611.0,3726.05611.0,7145.05612.0,5613.05612.0,7153.05612.0,7156.05613.0,5612.05613.0,5616.05613.0,7077.05614.0,541.05614.0,5609.05614.0,5615.05615.0,5614.05615.0,5680.05616.0,5614.05617.0,7078.05618.0,747.05618.0,5619.05619.0,747.05619.0,5621.05620.0,746.05620.0,6042.05621.0,746.05621.0,5620.05621.0,5713.05622.0,5624.05622.0,5878.05622.0,5881.05623.0,5624.05623.0,12978.05624.0,5622.05624.0,5625.05624.0,5748.05624.0,12978.05625.0,5847.05626.0,5636.05627.0,778.05627.0,5637.05628.0,5631.05628.0,5635.05629.0,778.05629.0,5867.05630.0,5626.05630.0,5628.05631.0,5628.05631.0,5634.05631.0,6006.05632.0,5631.05632.0,5635.05633.0,5634.05634.0,3716.05634.0,5630.05635.0,5632.05635.0,5860.05636.0,778.05636.0,5630.05636.0,5638.05637.0,778.05637.0,5629.05637.0,5636.05637.0,5638.05638.0,778.05638.0,3715.05638.0,5636.05638.0,5637.05639.0,572.05639.0,573.05639.0,7215.05640.0,572.05640.0,573.05640.0,5643.05641.0,5642.05642.0,572.05642.0,5639.05643.0,572.05643.0,6392.05644.0,812.05644.0,7477.05645.0,792.05645.0,6755.05645.0,6867.05645.0,6984.05646.0,792.05646.0,814.05646.0,5645.05647.0,812.05647.0,7258.05648.0,6119.05649.0,556.05649.0,7080.05650.0,7089.05651.0,6165.05652.0,557.05652.0,954.05652.0,6902.05653.0,557.05653.0,5654.05654.0,557.05654.0,5652.05655.0,750.05655.0,5656.05656.0,750.05656.0,7224.05657.0,3730.05657.0,5660.05658.0,5660.05658.0,12627.05659.0,5662.05659.0,5666.05660.0,542.05660.0,5657.05660.0,5658.05660.0,5668.05661.0,541.05661.0,5664.05661.0,5665.05661.0,6476.05661.0,7577.05662.0,5659.05662.0,5670.05663.0,541.05663.0,542.05663.0,5664.05664.0,541.05664.0,5661.05664.0,5668.05664.0,5670.05664.0,5680.05665.0,5661.05665.0,5662.05665.0,5666.05666.0,5665.05666.0,11346.05667.0,542.05668.0,542.05668.0,5610.05668.0,5663.05668.0,5667.05668.0,5672.05669.0,5677.05669.0,5679.05670.0,5664.05670.0,5671.05670.0,5673.05671.0,5658.05672.0,3729.05672.0,5611.05672.0,5668.05673.0,5659.05674.0,5615.05675.0,5617.05675.0,5681.05676.0,5677.05676.0,5681.05676.0,6482.05677.0,5669.05677.0,5676.05677.0,6476.05678.0,518.05678.0,539.05678.0,3727.05679.0,5669.05679.0,5676.05679.0,5680.05680.0,5664.05680.0,5674.05680.0,5679.05680.0,5681.05681.0,5675.05681.0,5676.05681.0,5680.05681.0,6481.05682.0,772.05682.0,5686.05683.0,772.05683.0,5682.05684.0,772.05684.0,5895.05685.0,772.05685.0,5684.05685.0,5724.05686.0,5685.05687.0,777.05687.0,5689.05687.0,5692.05687.0,5869.05688.0,780.05688.0,5691.05688.0,5854.05689.0,777.05689.0,5687.05689.0,5690.05689.0,5858.05690.0,777.05690.0,5859.05691.0,780.05691.0,5687.05691.0,5688.05692.0,780.05692.0,5691.05693.0,610.05693.0,612.05693.0,613.05693.0,5695.05694.0,610.05694.0,612.05694.0,613.05694.0,5693.05694.0,6307.05694.0,6432.05695.0,610.05695.0,6432.05696.0,610.05696.0,6307.05696.0,7264.05697.0,743.05697.0,744.05697.0,5704.05698.0,5699.05698.0,12980.05699.0,3708.05699.0,5711.05700.0,5704.05701.0,743.05701.0,744.05701.0,5708.05702.0,6939.05703.0,6262.05703.0,12980.05704.0,5702.05704.0,5709.05705.0,5706.05706.0,5701.05706.0,5707.05707.0,6017.05708.0,743.05708.0,744.05708.0,5697.05709.0,743.05709.0,744.05709.0,5710.05710.0,743.05710.0,744.05710.0,5712.05711.0,994.05711.0,5698.05711.0,5703.05711.0,12980.05712.0,5706.05713.0,746.05713.0,5711.05714.0,746.05714.0,5621.05715.0,5717.05715.0,7211.05716.0,5717.05716.0,5721.05717.0,5715.05717.0,5716.05718.0,573.05718.0,4013.05718.0,5721.05719.0,567.05719.0,722.05719.0,6377.05720.0,5716.05721.0,5718.05721.0,5720.05722.0,5685.05723.0,769.05723.0,5741.05724.0,5802.05725.0,769.05725.0,5726.05725.0,5727.05726.0,769.05726.0,5725.05726.0,5796.05727.0,769.05727.0,5723.05727.0,5725.05728.0,5784.05729.0,5728.05730.0,7203.05731.0,5734.05732.0,774.05732.0,5845.05732.0,5894.05732.0,7204.05733.0,5730.05734.0,5871.05735.0,3444.05736.0,5996.05737.0,5738.05738.0,5778.05739.0,5736.05739.0,5740.05740.0,5736.05740.0,5791.05740.0,5800.05741.0,5727.05741.0,5737.05741.0,5828.05742.0,5729.05743.0,770.05743.0,5744.05744.0,770.05744.0,5745.05744.0,5769.05744.0,12978.05745.0,770.05745.0,5747.05746.0,765.05746.0,5765.05747.0,5750.05747.0,5874.05748.0,5623.05748.0,5750.05749.0,770.05749.0,5743.05749.0,5898.05750.0,770.05750.0,5747.05750.0,5748.05750.0,5749.05751.0,3704.05751.0,5753.05751.0,5755.05752.0,5776.05753.0,5751.05753.0,5754.05754.0,457.05754.0,766.05754.0,5753.05754.0,5787.05755.0,5756.05756.0,3703.05756.0,5751.05756.0,5752.05757.0,766.05757.0,5786.05758.0,764.05758.0,5763.05759.0,5766.05760.0,764.05760.0,3340.05760.0,5762.05761.0,5777.05762.0,5760.05762.0,5763.05762.0,5777.05763.0,764.05763.0,5762.05763.0,5767.05763.0,11522.05764.0,5760.05765.0,765.05765.0,5768.05765.0,6630.05766.0,5761.05766.0,5768.05766.0,5771.05767.0,764.05767.0,3705.05768.0,5745.05768.0,5766.05769.0,5768.05770.0,5772.05771.0,5765.05772.0,764.05772.0,5763.05773.0,5762.05774.0,767.05774.0,3705.05775.0,767.05775.0,5779.05776.0,5756.05776.0,5818.05777.0,5759.05777.0,5773.05778.0,5784.05779.0,767.05779.0,5776.05780.0,771.05780.0,5783.05780.0,5896.05781.0,5819.05782.0,5781.05783.0,771.05783.0,5780.05783.0,5820.05784.0,5782.05784.0,5792.05784.0,5818.05785.0,457.05785.0,766.05785.0,5790.05786.0,457.05786.0,766.05786.0,5787.05787.0,457.05787.0,5754.05787.0,5785.05788.0,5818.05789.0,5757.05790.0,766.05790.0,5788.05791.0,768.05791.0,5796.05792.0,5793.05793.0,5796.05794.0,508.05794.0,768.05794.0,5795.05795.0,768.05795.0,5796.05795.0,11894.05795.0,11976.05796.0,768.05796.0,5742.05796.0,5795.05796.0,5797.05796.0,5799.05797.0,768.05797.0,5740.05798.0,508.05798.0,5794.05799.0,769.05799.0,5726.05800.0,5722.05801.0,5741.05802.0,5739.05803.0,5566.05804.0,527.05804.0,5566.05804.0,5813.05804.0,6193.05805.0,5807.05805.0,5816.05806.0,5803.05806.0,5805.05806.0,5816.05807.0,5806.05808.0,576.05808.0,5810.05808.0,6316.05809.0,995.05810.0,576.05810.0,6218.05811.0,528.05811.0,5814.05812.0,528.05812.0,5805.05813.0,527.05813.0,528.05813.0,5817.05814.0,5804.05815.0,576.05815.0,5808.05816.0,528.05816.0,5806.05816.0,5811.05816.0,5812.05817.0,528.05817.0,5816.05818.0,5776.05818.0,5784.05818.0,5789.05819.0,5828.05820.0,771.05820.0,5821.05821.0,5826.05822.0,781.05822.0,5843.05823.0,5824.05823.0,5831.05824.0,5823.05824.0,5825.05825.0,5894.05826.0,5783.05826.0,5828.05826.0,5829.05827.0,5801.05828.0,5741.05828.0,5826.05828.0,5829.05829.0,5830.05830.0,5823.05831.0,5827.05832.0,6935.05833.0,782.05833.0,5834.05833.0,5838.05834.0,782.05834.0,5833.05834.0,5835.05834.0,7189.05835.0,782.05835.0,5843.05836.0,5998.05836.0,7188.05837.0,5833.05838.0,5871.05839.0,5840.05839.0,5842.05840.0,5839.05840.0,6628.05841.0,765.05841.0,5840.05841.0,5842.05842.0,5841.05842.0,6629.05843.0,782.05843.0,5822.05843.0,5834.05844.0,5849.05844.0,5851.05845.0,5851.05846.0,774.05846.0,5851.05847.0,5624.05847.0,5851.05848.0,5847.05849.0,5894.05850.0,5732.05851.0,5844.05851.0,5848.05851.0,5850.05851.0,5865.05852.0,780.05852.0,6125.05853.0,5854.05854.0,780.05854.0,5688.05854.0,5852.05854.0,5859.05855.0,5856.05856.0,775.05856.0,776.05856.0,5863.05856.0,5867.05857.0,777.05857.0,5862.05858.0,777.05858.0,5689.05858.0,5857.05859.0,5688.05859.0,5689.05859.0,5854.05859.0,6019.05860.0,5632.05860.0,5903.05861.0,5862.05862.0,3724.05862.0,5858.05863.0,775.05863.0,5856.05863.0,5889.05863.0,5891.05864.0,774.05864.0,5846.05865.0,774.05865.0,5864.05865.0,5866.05866.0,774.05866.0,775.05866.0,5865.05867.0,5627.05867.0,5855.05868.0,3714.05869.0,5871.05870.0,3717.05871.0,5733.05871.0,5837.05871.0,5868.05871.0,5870.05872.0,5747.05872.0,5873.05872.0,12978.05873.0,1017.05874.0,5872.05874.0,12978.05875.0,773.05875.0,5891.05876.0,773.05876.0,5877.05877.0,5891.05878.0,773.05878.0,5622.05878.0,5876.05878.0,5879.05879.0,773.05879.0,5875.05879.0,5878.05880.0,761.05880.0,773.05880.0,5622.05881.0,761.05881.0,5959.05882.0,5883.05882.0,6184.05883.0,1017.05883.0,5884.05883.0,5885.05884.0,5885.05884.0,5901.05884.0,6184.05885.0,5883.05885.0,5884.05885.0,6031.05886.0,762.05886.0,5965.05887.0,762.05887.0,5889.05888.0,776.05888.0,5957.05889.0,762.05889.0,5863.05889.0,5886.05889.0,5893.05890.0,762.05890.0,5889.05891.0,775.05891.0,5863.05891.0,5879.05891.0,5892.05892.0,775.05892.0,5891.05893.0,762.05893.0,776.05893.0,5888.05894.0,5683.05894.0,5732.05894.0,5824.05894.0,5844.05895.0,772.05895.0,5894.05896.0,771.05896.0,5780.05896.0,5897.05897.0,771.05897.0,5743.05898.0,5900.05899.0,758.05899.0,5885.05899.0,6031.05900.0,5896.05901.0,5902.05901.0,6190.05902.0,5884.05903.0,5860.05903.0,5958.05904.0,763.05904.0,5906.05905.0,763.05905.0,5904.05905.0,5907.05905.0,5911.05906.0,763.05906.0,5905.05906.0,5967.05907.0,763.05907.0,5960.05908.0,5909.05908.0,5914.05909.0,5908.05909.0,5910.05909.0,5967.05910.0,761.05910.0,5912.05911.0,5913.05912.0,760.05912.0,5909.05912.0,5967.05912.0,6035.05913.0,5914.05913.0,5917.05914.0,5908.05914.0,5913.05914.0,5916.05915.0,5916.05916.0,5914.05916.0,5962.05917.0,763.05917.0,5905.05918.0,5919.05919.0,5920.05919.0,5923.05919.0,6047.05920.0,3694.05920.0,5919.05920.0,5922.05921.0,5928.05922.0,5921.05923.0,5939.05924.0,5927.05925.0,5918.05926.0,5920.05927.0,5925.05927.0,5928.05928.0,3698.05928.0,5927.05928.0,5970.05929.0,5930.05929.0,5935.05930.0,5932.05930.0,5937.05931.0,996.05931.0,5929.05932.0,5931.05932.0,5961.05933.0,5932.05933.0,5961.05934.0,5929.05934.0,6034.05935.0,5934.05936.0,6007.05937.0,5936.05938.0,5933.05939.0,6012.05940.0,7232.05941.0,755.05941.0,5940.05942.0,755.05942.0,5941.05943.0,755.05943.0,5942.05944.0,755.05944.0,5943.05945.0,3699.05945.0,5950.05946.0,3700.05946.0,5944.05946.0,5945.05947.0,5945.05948.0,5940.05948.0,5949.05949.0,755.05949.0,5947.05950.0,6114.05951.0,753.05951.0,5954.05951.0,5969.05952.0,6170.05953.0,753.05953.0,5574.05953.0,5952.05953.0,5954.05954.0,753.05954.0,5951.05954.0,5955.05955.0,753.05955.0,5953.05956.0,737.05956.0,998.05956.0,5924.05957.0,776.05957.0,5887.05957.0,5958.05957.0,6004.05958.0,776.05958.0,5903.05958.0,5957.05958.0,5966.05959.0,761.05959.0,5890.05960.0,5905.05960.0,5964.05961.0,5962.05962.0,5915.05962.0,5932.05962.0,6022.05963.0,756.05963.0,5934.05964.0,6038.05965.0,761.05965.0,5880.05966.0,6023.05967.0,5906.05967.0,5909.05967.0,5912.05968.0,5973.05969.0,753.05969.0,5951.05969.0,5975.05970.0,737.05970.0,5969.05971.0,754.05971.0,7305.05972.0,754.05972.0,5981.05973.0,737.05973.0,5956.05974.0,5971.05975.0,5974.05975.0,6636.05975.0,7263.05976.0,5953.05977.0,5976.05977.0,5978.05977.0,5980.05978.0,5977.05978.0,7136.05979.0,5968.05979.0,5975.05980.0,754.05980.0,6636.05981.0,3710.05982.0,538.05982.0,5579.05982.0,6367.05983.0,5588.05983.0,5985.05984.0,5983.05984.0,5990.05985.0,538.05985.0,5982.05986.0,5983.05987.0,6295.05988.0,5586.05988.0,5984.05988.0,5987.05989.0,535.05989.0,5991.05989.0,6205.05989.0,6311.05990.0,5989.05991.0,535.05991.0,6230.05991.0,6478.05992.0,783.05992.0,2909.05992.0,5648.05992.0,5993.05992.0,6001.05993.0,783.05993.0,6121.05994.0,6001.05995.0,5994.05995.0,5999.05995.0,6117.05996.0,5998.05997.0,783.05997.0,6001.05998.0,5735.05998.0,5740.05998.0,5836.05999.0,5995.06000.0,783.06000.0,5995.06001.0,783.06001.0,2565.06001.0,5992.06001.0,6000.06002.0,5957.06002.0,6025.06003.0,779.06003.0,6023.06004.0,6002.06005.0,869.06006.0,6021.06007.0,6005.06007.0,6008.06008.0,5938.06008.0,6007.06009.0,5926.06010.0,6009.06010.0,6024.06011.0,6009.06011.0,6010.06012.0,6005.06012.0,6008.06013.0,6014.06013.0,6124.06013.0,12979.06014.0,2907.06014.0,12979.06015.0,6013.06015.0,6014.06015.0,12979.06016.0,779.06016.0,6003.06016.0,6017.06017.0,6016.06017.0,6018.06017.0,6056.06018.0,779.06018.0,5705.06019.0,871.06019.0,6020.06020.0,5859.06021.0,779.06021.0,6023.06022.0,6024.06022.0,6025.06023.0,779.06023.0,5633.06023.0,5958.06023.0,6016.06024.0,6010.06024.0,6025.06025.0,5962.06025.0,6002.06025.0,6024.06026.0,739.06026.0,6053.06027.0,742.06027.0,6017.06028.0,6248.06029.0,758.06029.0,5899.06029.0,6028.06030.0,758.06030.0,6029.06031.0,5899.06031.0,6028.06031.0,7245.06032.0,759.06032.0,6251.06033.0,6254.06034.0,756.06034.0,5963.06034.0,6041.06035.0,760.06035.0,6037.06035.0,6038.06036.0,760.06036.0,6041.06037.0,760.06037.0,6036.06038.0,760.06038.0,5912.06038.0,6037.06039.0,6040.06039.0,6044.06040.0,6039.06041.0,6033.06041.0,6034.06042.0,5618.06042.0,6115.06042.0,6645.06043.0,748.06043.0,6042.06044.0,6046.06045.0,748.06045.0,6046.06046.0,748.06046.0,3653.06046.0,6039.06046.0,6633.06046.0,6645.06047.0,6048.06047.0,6060.06048.0,6047.06048.0,6054.06048.0,6398.06049.0,739.06049.0,6052.06050.0,6051.06050.0,6054.06051.0,6050.06051.0,6057.06052.0,739.06052.0,6053.06053.0,739.06053.0,6060.06053.0,6065.06054.0,6048.06054.0,6050.06054.0,6083.06055.0,738.06055.0,6073.06055.0,6096.06056.0,6393.06057.0,6055.06058.0,740.06058.0,6062.06058.0,6067.06059.0,5919.06060.0,6047.06060.0,6049.06060.0,6059.06061.0,740.06061.0,6400.06062.0,740.06062.0,6058.06062.0,6061.06063.0,6064.06063.0,6067.06064.0,6026.06064.0,6063.06065.0,6064.06066.0,6067.06067.0,6058.06067.0,6063.06067.0,6068.06068.0,741.06068.0,6086.06069.0,732.06069.0,6077.06069.0,6087.06069.0,6100.06070.0,732.06070.0,6076.06070.0,6100.06071.0,728.06071.0,729.06071.0,6069.06072.0,732.06072.0,6076.06073.0,6092.06074.0,6886.06075.0,732.06075.0,733.06075.0,6070.06075.0,6076.06075.0,6528.06076.0,732.06076.0,6070.06076.0,6075.06076.0,6524.06077.0,728.06077.0,729.06077.0,3689.06078.0,723.06078.0,727.06078.0,6090.06079.0,6109.06080.0,6397.06081.0,742.06081.0,6084.06081.0,6173.06081.0,6393.06082.0,741.06082.0,6081.06082.0,6086.06083.0,6069.06084.0,741.06084.0,6082.06085.0,741.06085.0,6066.06086.0,741.06086.0,6082.06086.0,6085.06087.0,728.06087.0,6088.06088.0,738.06088.0,6054.06089.0,6091.06089.0,6092.06090.0,6074.06090.0,6093.06090.0,6097.06091.0,6098.06092.0,6089.06092.0,6094.06092.0,6097.06093.0,6089.06094.0,737.06094.0,5956.06095.0,738.06095.0,6050.06096.0,738.06096.0,6055.06096.0,6095.06097.0,5979.06097.0,6090.06098.0,6099.06099.0,738.06099.0,6096.06100.0,6069.06100.0,6070.06100.0,6102.06100.0,6894.06101.0,730.06101.0,3692.06102.0,729.06102.0,3692.06103.0,727.06103.0,730.06103.0,3689.06104.0,727.06104.0,6886.06105.0,745.06105.0,6556.06106.0,6108.06107.0,6394.06108.0,745.06108.0,6105.06108.0,6107.06108.0,6558.06109.0,6545.06110.0,749.06110.0,6080.06111.0,3699.06111.0,6114.06112.0,6111.06113.0,5572.06114.0,6111.06114.0,6113.06115.0,747.06115.0,1013.06116.0,745.06116.0,6557.06116.0,12977.06117.0,5995.06117.0,6119.06117.0,6120.06118.0,786.06118.0,6119.06118.0,6960.06119.0,2908.06119.0,6117.06119.0,6118.06120.0,6627.06121.0,6124.06122.0,7132.06122.0,12979.06123.0,6013.06123.0,12979.06124.0,6122.06124.0,6123.06124.0,6255.06125.0,5853.06125.0,6255.06126.0,731.06126.0,735.06126.0,6135.06127.0,731.06127.0,3683.06127.0,6128.06128.0,721.06128.0,6890.06129.0,731.06129.0,6137.06130.0,6129.06130.0,6892.06131.0,6127.06132.0,735.06132.0,6126.06132.0,6140.06133.0,733.06133.0,6892.06134.0,735.06134.0,6136.06135.0,6134.06135.0,6139.06136.0,6131.06137.0,6126.06137.0,6140.06138.0,6139.06139.0,6132.06139.0,6585.06140.0,6137.06140.0,6142.06140.0,6594.06141.0,6130.06141.0,6143.06142.0,6141.06143.0,6147.06144.0,733.06144.0,1009.06144.0,6130.06144.0,6133.06144.0,6597.06145.0,6138.06146.0,6145.06147.0,6144.06148.0,6131.06148.0,6145.06149.0,3650.06150.0,734.06150.0,6523.06150.0,6595.06150.0,6598.06151.0,790.06151.0,6152.06151.0,6642.06151.0,6723.06152.0,790.06152.0,6151.06152.0,6154.06152.0,6156.06153.0,791.06153.0,6154.06154.0,791.06154.0,6152.06154.0,6153.06154.0,6155.06155.0,791.06155.0,6154.06156.0,790.06156.0,6152.06156.0,6641.06156.0,6642.06157.0,6640.06158.0,727.06158.0,6103.06159.0,6160.06159.0,6169.06160.0,723.06160.0,7263.06161.0,5650.06161.0,6165.06162.0,6164.06163.0,558.06163.0,7183.06164.0,558.06164.0,6163.06165.0,6162.06165.0,7056.06166.0,723.06166.0,724.06166.0,6168.06166.0,6237.06166.0,6887.06166.0,6888.06167.0,751.06167.0,6112.06168.0,723.06168.0,6169.06169.0,6159.06169.0,6166.06169.0,6245.06170.0,751.06170.0,6167.06171.0,797.06171.0,5561.06171.0,6683.06171.0,6687.06172.0,6174.06173.0,789.06173.0,1002.06173.0,3086.06173.0,6175.06173.0,12977.06174.0,789.06174.0,1019.06174.0,6175.06174.0,6547.06174.0,12977.06175.0,789.06175.0,6173.06175.0,6174.06175.0,12977.06176.0,799.06176.0,6722.06177.0,799.06177.0,6731.06178.0,750.06178.0,5655.06178.0,6189.06179.0,757.06179.0,6181.06179.0,6185.06179.0,6186.06180.0,6190.06181.0,757.06181.0,1003.06182.0,6189.06183.0,7245.06184.0,5884.06184.0,6180.06185.0,757.06185.0,6189.06186.0,6179.06186.0,6190.06187.0,757.06187.0,6186.06188.0,6187.06189.0,6178.06189.0,6183.06189.0,6188.06190.0,5901.06190.0,6186.06191.0,523.06191.0,532.06191.0,6196.06192.0,533.06192.0,6196.06193.0,524.06193.0,5564.06193.0,5804.06193.0,6194.06193.0,6313.06194.0,524.06194.0,6195.06195.0,524.06195.0,533.06195.0,6193.06195.0,6197.06195.0,6198.06196.0,523.06196.0,533.06196.0,5593.06196.0,6198.06197.0,524.06197.0,533.06197.0,6195.06197.0,6297.06197.0,6312.06198.0,533.06198.0,6196.06198.0,6197.06199.0,6311.06200.0,545.06200.0,6204.06201.0,6209.06201.0,6212.06202.0,6199.06203.0,544.06203.0,6200.06203.0,7170.06204.0,545.06204.0,6207.06204.0,6208.06205.0,540.06205.0,7068.06206.0,7265.06207.0,544.06207.0,6203.06208.0,545.06208.0,7260.06209.0,543.06209.0,544.06209.0,6298.06209.0,6480.06210.0,519.06210.0,6278.06211.0,529.06211.0,6264.06211.0,6267.06212.0,6201.06212.0,6206.06213.0,519.06213.0,7169.06214.0,521.06214.0,6273.06215.0,521.06215.0,525.06215.0,6273.06216.0,521.06216.0,525.06216.0,11280.06217.0,575.06217.0,577.06217.0,6224.06218.0,575.06218.0,576.06218.0,6220.06218.0,6224.06219.0,575.06219.0,579.06219.0,6217.06219.0,6220.06220.0,575.06220.0,579.06220.0,6219.06220.0,6900.06221.0,521.06221.0,6214.06222.0,554.06222.0,555.06222.0,11299.06223.0,554.06223.0,555.06223.0,6225.06224.0,575.06224.0,576.06224.0,577.06224.0,6899.06224.0,7158.06225.0,554.06225.0,7085.06226.0,554.06226.0,6223.06227.0,555.06227.0,7159.06227.0,11363.06228.0,555.06228.0,6227.06229.0,531.06229.0,6233.06230.0,535.06230.0,5989.06231.0,531.06231.0,6229.06231.0,6293.06232.0,530.06232.0,6233.06232.0,6474.06233.0,530.06233.0,6232.06233.0,6236.06234.0,530.06234.0,6232.06235.0,530.06235.0,6234.06236.0,530.06236.0,6235.06236.0,6267.06237.0,724.06237.0,7003.06238.0,6243.06238.0,6906.06239.0,5570.06240.0,6239.06240.0,6241.06241.0,6238.06241.0,6240.06242.0,6241.06243.0,6238.06243.0,6240.06244.0,724.06244.0,6166.06245.0,724.06245.0,6169.06245.0,7008.06246.0,872.06247.0,6253.06248.0,6257.06249.0,758.06249.0,6030.06249.0,6248.06250.0,6246.06250.0,6259.06251.0,759.06251.0,6041.06251.0,6254.06252.0,759.06252.0,6251.06252.0,7242.06253.0,6252.06253.0,6261.06254.0,6253.06255.0,6124.06255.0,6125.06255.0,6258.06256.0,759.06256.0,6252.06256.0,6261.06257.0,759.06257.0,6256.06257.0,6260.06258.0,6125.06258.0,6259.06259.0,6246.06259.0,6258.06260.0,6249.06261.0,6256.06261.0,6260.06262.0,993.06262.0,5992.06262.0,6941.06263.0,7167.06264.0,529.06264.0,1004.06264.0,6211.06265.0,529.06265.0,532.06265.0,6267.06266.0,532.06266.0,6267.06267.0,529.06267.0,5593.06267.0,6211.06267.0,6236.06267.0,7167.06268.0,6272.06269.0,519.06269.0,520.06269.0,7168.06270.0,1004.06271.0,7075.06272.0,6263.06273.0,6214.06273.0,6216.06273.0,6278.06274.0,518.06274.0,6279.06275.0,519.06275.0,6277.06275.0,7178.06276.0,5565.06276.0,5592.06276.0,11277.06277.0,519.06277.0,6275.06277.0,7168.06277.0,7176.06278.0,6213.06278.0,6273.06278.0,6280.06278.0,6296.06279.0,518.06279.0,520.06279.0,7173.06280.0,5591.06281.0,534.06281.0,6195.06281.0,6282.06281.0,6312.06282.0,6218.06283.0,574.06283.0,6285.06284.0,574.06284.0,6219.06285.0,574.06285.0,6289.06286.0,5986.06287.0,534.06287.0,6281.06288.0,574.06288.0,6284.06289.0,6292.06289.0,6331.06290.0,534.06290.0,6287.06291.0,6231.06291.0,6478.06292.0,6290.06293.0,531.06293.0,6231.06293.0,6295.06293.0,6299.06294.0,531.06294.0,534.06294.0,6299.06295.0,5988.06295.0,6299.06296.0,6278.06296.0,7166.06297.0,6197.06297.0,6294.06298.0,543.06298.0,7171.06299.0,531.06299.0,534.06299.0,6293.06299.0,6297.06300.0,7296.06301.0,6307.06302.0,604.06302.0,612.06302.0,5694.06303.0,6304.06304.0,609.06304.0,6305.06304.0,6438.06304.0,6440.06305.0,6301.06306.0,613.06306.0,6307.06307.0,610.06307.0,5694.06307.0,5696.06307.0,6303.06307.0,6308.06308.0,613.06308.0,6446.06309.0,3786.06310.0,6337.06311.0,535.06311.0,5989.06311.0,6286.06311.0,6333.06312.0,6281.06312.0,6310.06313.0,6193.06313.0,6314.06313.0,6317.06314.0,6313.06314.0,6315.06315.0,6314.06316.0,5809.06316.0,6315.06316.0,6317.06317.0,524.06317.0,6316.06318.0,577.06318.0,579.06318.0,580.06318.0,7230.06319.0,552.06319.0,7285.06320.0,548.06320.0,6913.06321.0,548.06322.0,548.06322.0,6325.06323.0,6319.06323.0,6327.06324.0,548.06324.0,6330.06325.0,548.06325.0,6320.06325.0,6321.06325.0,6332.06326.0,6359.06327.0,6326.06328.0,549.06328.0,6881.06329.0,6324.06329.0,6334.06330.0,6879.06331.0,6292.06331.0,6337.06332.0,547.06332.0,989.06332.0,6325.06332.0,6329.06333.0,536.06333.0,7308.06334.0,547.06334.0,6332.06335.0,6336.06336.0,578.06336.0,7182.06337.0,5583.06337.0,6335.06338.0,6341.06339.0,535.06339.0,6311.06340.0,6463.06341.0,6288.06341.0,6331.06342.0,6341.06343.0,550.06343.0,551.06343.0,6344.06344.0,550.06344.0,6353.06345.0,6370.06346.0,6352.06347.0,6346.06347.0,6455.06348.0,6345.06349.0,6351.06349.0,6452.06350.0,6346.06350.0,6455.06351.0,6347.06352.0,6351.06352.0,6452.06353.0,6355.06354.0,6348.06354.0,6355.06355.0,6350.06356.0,551.06356.0,6357.06357.0,551.06357.0,6365.06357.0,6463.06358.0,550.06358.0,6356.06359.0,5579.06359.0,6367.06360.0,550.06360.0,6358.06361.0,6362.06362.0,536.06362.0,6365.06362.0,7287.06363.0,6362.06364.0,6368.06365.0,6340.06365.0,6361.06365.0,6368.06366.0,6300.06366.0,6354.06367.0,6350.06367.0,6366.06368.0,6365.06368.0,6372.06369.0,6368.06370.0,550.06370.0,6360.06371.0,6368.06372.0,6364.06372.0,7300.06373.0,6348.06373.0,6354.06374.0,585.06374.0,589.06374.0,3881.06375.0,589.06375.0,3883.06376.0,567.06376.0,722.06376.0,6378.06377.0,567.06377.0,722.06377.0,6376.06378.0,7432.06379.0,567.06379.0,3680.06380.0,6382.06380.0,6387.06381.0,6384.06381.0,6385.06382.0,6386.06383.0,7043.06384.0,611.06384.0,6380.06385.0,6381.06385.0,6446.06385.0,6483.06386.0,611.06386.0,6385.06387.0,6382.06387.0,6383.06387.0,7324.06387.0,9880.06388.0,6387.06389.0,720.06389.0,6406.06390.0,7214.06391.0,6390.06392.0,6391.06392.0,6647.06393.0,742.06393.0,6027.06393.0,6081.06393.0,6395.06394.0,742.06394.0,6395.06395.0,742.06395.0,6106.06395.0,6393.06396.0,6079.06397.0,6399.06398.0,6048.06398.0,6396.06398.0,6399.06399.0,6396.06399.0,6398.06399.0,6400.06400.0,740.06400.0,999.06400.0,6401.06401.0,6399.06402.0,726.06402.0,3686.06403.0,720.06403.0,6402.06404.0,6379.06405.0,721.06405.0,6402.06406.0,720.06406.0,6403.06407.0,805.06407.0,6408.06407.0,6411.06408.0,3661.06408.0,6407.06409.0,6500.06409.0,6565.06410.0,6416.06410.0,6552.06411.0,805.06411.0,6418.06412.0,568.06412.0,569.06412.0,7426.06413.0,805.06413.0,6408.06413.0,6418.06414.0,6416.06414.0,6552.06415.0,722.06415.0,805.06415.0,6413.06415.0,6417.06416.0,6410.06416.0,6415.06417.0,805.06417.0,6410.06417.0,6415.06418.0,6413.06418.0,6417.06419.0,6541.06420.0,6425.06420.0,6487.06421.0,6422.06421.0,6423.06421.0,6428.06422.0,6421.06422.0,6490.06423.0,3882.06423.0,6421.06423.0,6422.06424.0,6429.06425.0,590.06425.0,6420.06425.0,6427.06425.0,6492.06426.0,590.06426.0,6425.06427.0,590.06427.0,6424.06427.0,6426.06427.0,6428.06428.0,583.06428.0,6424.06428.0,6427.06428.0,7382.06429.0,6421.06430.0,6422.06431.0,591.06431.0,592.06431.0,3677.06431.0,6441.06431.0,7040.06432.0,604.06432.0,612.06432.0,6302.06432.0,6436.06433.0,3675.06434.0,3787.06434.0,6431.06435.0,608.06435.0,6458.06436.0,604.06436.0,7359.06437.0,6432.06438.0,608.06438.0,609.06438.0,6304.06438.0,6435.06439.0,592.06439.0,6442.06440.0,609.06440.0,6304.06440.0,6442.06440.0,7264.06441.0,591.06441.0,592.06441.0,6442.06442.0,609.06442.0,6431.06442.0,6440.06442.0,6506.06443.0,3880.06443.0,6444.06444.0,593.06444.0,6443.06444.0,6449.06445.0,6448.06446.0,613.06446.0,3678.06446.0,6306.06447.0,6443.06448.0,6447.06448.0,6449.06449.0,6448.06449.0,6450.06449.0,6451.06450.0,7365.06451.0,593.06451.0,594.06451.0,6449.06451.0,6498.06452.0,6514.06453.0,7354.06454.0,6453.06455.0,6359.06455.0,6454.06456.0,552.06456.0,6457.06457.0,552.06457.0,3672.06458.0,608.06458.0,6483.06459.0,552.06459.0,590.06459.0,7357.06460.0,590.06460.0,6459.06461.0,551.06461.0,6343.06461.0,6357.06462.0,6464.06463.0,551.06463.0,6328.06463.0,6464.06464.0,6461.06464.0,6472.06465.0,6467.06465.0,6470.06466.0,1006.06466.0,6465.06466.0,6485.06467.0,6466.06467.0,6469.06468.0,6461.06468.0,6472.06469.0,6468.06470.0,6512.06471.0,6465.06471.0,6470.06472.0,6466.06472.0,6468.06473.0,543.06473.0,6480.06474.0,6291.06475.0,543.06475.0,6477.06476.0,56.06476.0,5661.06476.0,5677.06476.0,8053.06477.0,543.06477.0,8049.06478.0,5991.06478.0,6291.06479.0,6473.06480.0,6209.06480.0,6212.06480.0,6475.06481.0,6480.06482.0,6481.06483.0,6438.06483.0,6484.06483.0,6486.06484.0,6381.06484.0,6483.06484.0,6507.06485.0,608.06485.0,6484.06486.0,608.06486.0,6471.06487.0,6425.06487.0,6491.06488.0,593.06488.0,596.06488.0,7370.06489.0,586.06489.0,6430.06490.0,585.06490.0,586.06490.0,6493.06491.0,3673.06491.0,6460.06492.0,6491.06493.0,585.06493.0,586.06493.0,7348.06494.0,596.06494.0,6496.06495.0,594.06495.0,7379.06496.0,593.06496.0,6488.06496.0,6498.06497.0,586.06497.0,7385.06498.0,593.06498.0,594.06498.0,6451.06498.0,6495.06498.0,6496.06499.0,585.06499.0,6374.06500.0,6587.06501.0,6513.06501.0,6516.06502.0,609.06502.0,6440.06502.0,6506.06503.0,6507.06503.0,6508.06504.0,6501.06505.0,6433.06505.0,6504.06506.0,6505.06507.0,6484.06507.0,6503.06507.0,6508.06508.0,6503.06508.0,6507.06508.0,6920.06509.0,6502.06510.0,6467.06511.0,6509.06511.0,6510.06512.0,6509.06513.0,6511.06514.0,6513.06514.0,6516.06515.0,3676.06516.0,6514.06516.0,6515.06517.0,603.06517.0,6518.06517.0,6519.06518.0,603.06518.0,6517.06518.0,6520.06518.0,7340.06519.0,603.06519.0,6517.06519.0,6521.06519.0,7332.06520.0,5044.06520.0,6518.06520.0,6579.06521.0,603.06521.0,6808.06522.0,6150.06523.0,734.06523.0,6529.06524.0,6072.06524.0,6526.06524.0,6549.06525.0,6524.06526.0,6525.06526.0,6528.06526.0,6529.06527.0,721.06527.0,6531.06528.0,733.06528.0,6075.06528.0,6144.06528.0,6526.06528.0,6533.06529.0,6522.06529.0,6526.06529.0,6554.06530.0,6148.06531.0,721.06531.0,6546.06532.0,6530.06533.0,6528.06534.0,598.06534.0,6539.06534.0,7452.06535.0,597.06535.0,3655.06536.0,598.06536.0,6534.06537.0,598.06537.0,6536.06538.0,588.06538.0,597.06538.0,6539.06539.0,598.06539.0,6419.06539.0,6535.06539.0,6537.06540.0,736.06540.0,6559.06541.0,599.06541.0,1010.06541.0,6539.06542.0,3681.06542.0,6550.06543.0,3681.06543.0,6547.06543.0,6553.06544.0,749.06544.0,6110.06545.0,749.06545.0,6548.06546.0,6414.06547.0,6172.06547.0,6543.06547.0,6544.06548.0,749.06548.0,6547.06549.0,749.06549.0,6524.06549.0,6550.06550.0,6542.06550.0,6549.06551.0,1012.06551.0,6546.06552.0,6409.06552.0,6551.06553.0,6542.06553.0,6555.06554.0,6543.06555.0,6529.06556.0,747.06556.0,6042.06557.0,745.06557.0,6108.06558.0,745.06558.0,6116.06559.0,807.06559.0,7119.06560.0,807.06560.0,6561.06561.0,6564.06562.0,6567.06562.0,6589.06563.0,6570.06563.0,6596.06564.0,736.06564.0,6563.06564.0,6566.06565.0,6409.06565.0,6551.06566.0,736.06566.0,6540.06566.0,6564.06567.0,6563.06567.0,6566.06568.0,6569.06568.0,6591.06569.0,6149.06569.0,6568.06570.0,736.06570.0,6569.06570.0,6591.06571.0,6577.06572.0,807.06572.0,7121.06572.0,7122.06572.0,7125.06573.0,4269.06574.0,811.06574.0,4176.06575.0,810.06575.0,6590.06576.0,808.06576.0,810.06576.0,5601.06577.0,6573.06577.0,6662.06578.0,6579.06579.0,603.06579.0,6520.06579.0,6581.06580.0,6581.06581.0,5043.06581.0,6578.06581.0,6865.06582.0,6581.06583.0,6816.06584.0,6567.06585.0,735.06585.0,6562.06586.0,6588.06587.0,6586.06588.0,6584.06588.0,6589.06589.0,6565.06589.0,6588.06590.0,808.06590.0,6576.06590.0,6679.06591.0,736.06591.0,6570.06591.0,6593.06591.0,6596.06592.0,734.06592.0,6599.06592.0,6602.06593.0,6591.06593.0,6592.06594.0,6592.06594.0,6600.06595.0,734.06595.0,6150.06595.0,6598.06596.0,6562.06596.0,6601.06597.0,6598.06598.0,734.06598.0,6144.06598.0,6595.06599.0,6594.06600.0,6140.06601.0,735.06601.0,6132.06602.0,6593.06603.0,601.06603.0,6609.06604.0,605.06604.0,606.06604.0,6605.06605.0,605.06605.0,606.06605.0,3654.06605.0,6606.06605.0,6608.06605.0,6915.06606.0,605.06606.0,606.06606.0,6605.06606.0,6607.06607.0,605.06607.0,1025.06607.0,6606.06607.0,6925.06608.0,6605.06608.0,6609.06609.0,6608.06609.0,6914.06609.0,7104.06610.0,6387.06611.0,614.06611.0,6607.06611.0,6612.06612.0,614.06612.0,6611.06612.0,6616.06612.0,7044.06613.0,6615.06613.0,6616.06613.0,7044.06614.0,6800.06615.0,6613.06615.0,6799.06615.0,6800.06616.0,614.06616.0,6795.06616.0,6799.06617.0,811.06617.0,6619.06618.0,6620.06618.0,7117.06619.0,6618.06620.0,5605.06620.0,6617.06620.0,7246.06621.0,784.06621.0,6622.06622.0,784.06622.0,6624.06622.0,6631.06623.0,784.06623.0,1109.06623.0,6624.06624.0,784.06624.0,6622.06624.0,6623.06625.0,784.06625.0,6631.06626.0,786.06626.0,6627.06627.0,1000.06627.0,6631.06627.0,7181.06628.0,1017.06629.0,765.06629.0,5746.06629.0,5841.06630.0,765.06630.0,6629.06631.0,785.06631.0,6621.06631.0,6625.06631.0,6627.06631.0,6957.06632.0,787.06632.0,788.06632.0,6933.06633.0,787.06633.0,788.06633.0,6963.06634.0,725.06634.0,6635.06635.0,725.06635.0,6889.06635.0,7006.06636.0,754.06636.0,5975.06636.0,6637.06637.0,754.06637.0,5977.06638.0,6643.06639.0,790.06639.0,791.06639.0,6156.06640.0,6728.06641.0,791.06641.0,1666.06642.0,790.06642.0,6151.06642.0,6156.06643.0,793.06643.0,6704.06644.0,793.06644.0,6157.06645.0,6043.06645.0,6045.06646.0,838.06646.0,6648.06646.0,6659.06647.0,5528.06647.0,7210.06648.0,838.06648.0,5558.06648.0,6646.06649.0,6648.06649.0,6658.06650.0,6656.06651.0,665.06651.0,5096.06651.0,6652.06652.0,665.06652.0,5013.06653.0,5557.06654.0,4291.06655.0,665.06655.0,6657.06656.0,6655.06657.0,665.06657.0,6653.06658.0,3752.06658.0,6654.06659.0,838.06659.0,6658.06660.0,3666.06660.0,6663.06660.0,7124.06661.0,806.06661.0,6660.06662.0,6660.06663.0,6577.06664.0,801.06664.0,6671.06665.0,6668.06665.0,6700.06666.0,6700.06667.0,6668.06668.0,6665.06668.0,6669.06669.0,801.06669.0,3648.06670.0,6667.06671.0,6670.06672.0,824.06672.0,6773.06673.0,822.06673.0,824.06673.0,6786.06674.0,806.06674.0,808.06674.0,6661.06674.0,6681.06674.0,7120.06675.0,6560.06675.0,6694.06675.0,7119.06676.0,803.06676.0,6969.06676.0,6971.06676.0,7123.06677.0,6676.06678.0,806.06678.0,6674.06679.0,808.06679.0,6590.06679.0,6681.06680.0,6173.06681.0,808.06681.0,6674.06681.0,6679.06682.0,803.06682.0,6675.06683.0,797.06683.0,798.06683.0,6171.06683.0,6684.06684.0,797.06684.0,798.06684.0,6690.06685.0,3651.06686.0,6689.06687.0,6171.06688.0,5561.06689.0,799.06689.0,6690.06690.0,797.06690.0,798.06690.0,6683.06690.0,6691.06691.0,799.06691.0,6718.06692.0,6675.06693.0,6697.06694.0,6692.06694.0,6699.06695.0,6696.06696.0,6666.06697.0,6695.06697.0,6737.06698.0,6736.06699.0,6700.06700.0,6665.06700.0,6693.06700.0,6694.06701.0,800.06701.0,802.06701.0,6706.06702.0,789.06702.0,6174.06703.0,793.06703.0,798.06703.0,6704.06704.0,793.06704.0,798.06704.0,6644.06704.0,6702.06704.0,6727.06705.0,800.06705.0,802.06705.0,6701.06706.0,800.06706.0,6707.06707.0,800.06707.0,6721.06707.0,6731.06708.0,795.06708.0,800.06708.0,6707.06709.0,6712.06710.0,6709.06711.0,6720.06712.0,6713.06712.0,6714.06713.0,6813.06714.0,6712.06714.0,6867.06715.0,802.06715.0,6730.06716.0,6730.06716.0,6813.06717.0,795.06717.0,6985.06718.0,1020.06718.0,6686.06718.0,6736.06719.0,795.06719.0,6756.06720.0,802.06720.0,6705.06721.0,802.06721.0,6715.06722.0,799.06722.0,6177.06722.0,6718.06722.0,6734.06723.0,6151.06723.0,6729.06724.0,6726.06724.0,6729.06725.0,794.06725.0,6724.06726.0,6977.06727.0,6750.06728.0,6638.06728.0,6729.06729.0,6723.06729.0,6724.06729.0,6728.06730.0,6711.06730.0,6733.06730.0,6737.06731.0,6176.06731.0,6708.06731.0,6734.06732.0,6731.06733.0,6716.06733.0,6730.06734.0,1024.06734.0,6722.06734.0,6732.06735.0,6733.06735.0,6737.06736.0,6718.06736.0,6734.06737.0,6697.06737.0,6735.06737.0,6966.06738.0,812.06738.0,6752.06739.0,812.06739.0,5644.06739.0,5647.06739.0,6738.06740.0,6742.06741.0,6788.06742.0,4274.06743.0,1022.06743.0,5608.06744.0,7259.06745.0,6744.06745.0,6747.06746.0,6980.06747.0,6845.06747.0,7485.06748.0,6749.06748.0,6754.06749.0,812.06749.0,6758.06750.0,6753.06751.0,793.06751.0,6703.06752.0,6739.06752.0,6867.06753.0,794.06753.0,6751.06753.0,6979.06754.0,6748.06754.0,6756.06754.0,6867.06755.0,792.06755.0,6989.06756.0,6717.06756.0,6754.06757.0,792.06757.0,5645.06758.0,6987.06759.0,796.06759.0,6748.06760.0,4243.06761.0,832.06761.0,4236.06762.0,833.06762.0,6780.06763.0,3647.06764.0,818.06764.0,7478.06765.0,815.06765.0,6767.06766.0,817.06766.0,6768.06767.0,815.06767.0,6766.06768.0,817.06768.0,1034.06768.0,3652.06768.0,6769.06769.0,815.06769.0,6839.06770.0,822.06770.0,6782.06770.0,6990.06771.0,6776.06771.0,12981.06772.0,6835.06773.0,824.06773.0,6838.06773.0,6841.06774.0,6995.06775.0,6776.06776.0,833.06776.0,4523.06776.0,6774.06776.0,6777.06776.0,12981.06777.0,4470.06777.0,12981.06778.0,821.06778.0,822.06778.0,6784.06779.0,822.06779.0,7490.06780.0,6763.06781.0,832.06781.0,6761.06781.0,7416.06782.0,824.06782.0,6770.06782.0,6786.06783.0,832.06783.0,6785.06784.0,822.06784.0,6782.06785.0,6858.06786.0,824.06786.0,3652.06786.0,6779.06786.0,6782.06787.0,830.06787.0,831.06787.0,6793.06787.0,6828.06788.0,6789.06788.0,7429.06789.0,830.06789.0,7413.06789.0,7422.06790.0,6792.06791.0,830.06791.0,4228.06792.0,830.06792.0,6791.06792.0,6793.06793.0,830.06793.0,6787.06793.0,6792.06794.0,6797.06794.0,6800.06795.0,614.06795.0,6612.06796.0,614.06796.0,6806.06797.0,4299.06797.0,6583.06797.0,6794.06797.0,6804.06798.0,6808.06798.0,6811.06798.0,7114.06799.0,615.06799.0,6615.06799.0,6810.06800.0,5233.06800.0,6615.06800.0,6794.06800.0,6803.06801.0,602.06801.0,7109.06802.0,6803.06802.0,6807.06802.0,6809.06803.0,6614.06803.0,6802.06803.0,6809.06804.0,6802.06805.0,615.06805.0,6616.06806.0,615.06806.0,6810.06807.0,6797.06808.0,6519.06808.0,6798.06809.0,615.06809.0,6802.06809.0,6803.06809.0,6810.06810.0,615.06810.0,6795.06810.0,6799.06810.0,6809.06811.0,602.06811.0,6801.06812.0,6741.06813.0,6710.06813.0,6716.06813.0,6973.06814.0,6821.06815.0,6816.06815.0,6865.06816.0,1016.06816.0,6797.06816.0,6815.06817.0,804.06817.0,6822.06818.0,804.06818.0,7247.06819.0,5600.06820.0,804.06820.0,6821.06821.0,804.06821.0,6814.06821.0,6817.06821.0,6819.06822.0,804.06822.0,6818.06822.0,6820.06822.0,7251.06823.0,6833.06824.0,819.06824.0,831.06824.0,6787.06825.0,7462.06826.0,819.06826.0,6834.06827.0,6826.06828.0,831.06828.0,6833.06829.0,819.06829.0,6825.06830.0,6823.06830.0,7411.06831.0,819.06831.0,6829.06832.0,6855.06833.0,819.06833.0,831.06833.0,6824.06833.0,6832.06833.0,6834.06834.0,831.06834.0,6831.06834.0,6833.06834.0,7411.06835.0,833.06835.0,6776.06836.0,6837.06837.0,6770.06838.0,1337.06838.0,6773.06839.0,815.06839.0,6847.06840.0,6836.06840.0,6994.06841.0,6840.06842.0,6838.06843.0,6838.06844.0,1021.06845.0,6765.06845.0,6846.06846.0,6845.06846.0,7481.06847.0,815.06847.0,6745.06847.0,7420.06848.0,6850.06849.0,6764.06850.0,6849.06851.0,6862.06852.0,818.06852.0,6854.06853.0,6851.06854.0,6853.06855.0,820.06855.0,6856.06855.0,6859.06856.0,820.06856.0,823.06856.0,6834.06856.0,6855.06857.0,820.06857.0,823.06857.0,6856.06857.0,6859.06858.0,823.06858.0,833.06858.0,6860.06858.0,6992.06859.0,823.06859.0,6762.06859.0,6858.06860.0,823.06860.0,6857.06860.0,6864.06861.0,833.06861.0,6860.06862.0,820.06862.0,6857.06863.0,6848.06864.0,820.06864.0,6863.06865.0,607.06865.0,6580.06865.0,6866.06865.0,7110.06866.0,607.06866.0,6816.06866.0,6865.06867.0,5645.06867.0,6714.06867.0,6752.06867.0,6754.06868.0,577.06868.0,7024.06869.0,556.06869.0,559.06869.0,7080.06870.0,6873.06871.0,556.06871.0,6874.06872.0,556.06872.0,559.06872.0,6873.06872.0,7083.06873.0,556.06873.0,559.06873.0,6872.06873.0,7021.06874.0,6875.06875.0,6869.06875.0,7157.06876.0,549.06876.0,6880.06877.0,6884.06878.0,5578.06878.0,7397.06879.0,549.06879.0,6329.06879.0,6880.06880.0,549.06880.0,6462.06880.0,6879.06880.0,6913.06880.0,6928.06881.0,549.06881.0,6880.06882.0,6885.06883.0,546.06883.0,6882.06884.0,6913.06884.0,6926.06885.0,6884.06886.0,727.06886.0,6078.06886.0,6158.06886.0,6887.06886.0,6891.06887.0,724.06887.0,6166.06887.0,6886.06888.0,723.06888.0,6160.06889.0,726.06889.0,6898.06890.0,3685.06890.0,3686.06890.0,6898.06891.0,7005.06892.0,6129.06892.0,6144.06892.0,6894.06892.0,6896.06893.0,720.06893.0,7025.06894.0,6100.06894.0,6895.06895.0,6892.06896.0,731.06896.0,6897.06896.0,6898.06897.0,6892.06898.0,726.06898.0,6635.06898.0,6890.06898.0,6896.06899.0,577.06899.0,7020.06900.0,574.06900.0,6283.06901.0,5810.06901.0,5815.06902.0,557.06902.0,5652.06902.0,7050.06902.0,7059.06903.0,7008.06904.0,7224.06905.0,7067.06906.0,6905.06906.0,7284.06907.0,7003.06908.0,6161.06908.0,7082.06909.0,554.06909.0,6908.06910.0,7027.06911.0,569.06911.0,7430.06912.0,6877.06913.0,5596.06913.0,6322.06913.0,6880.06913.0,6912.06914.0,6603.06914.0,7358.06915.0,7343.06916.0,546.06916.0,6883.06917.0,546.06917.0,6883.06917.0,6928.06918.0,6917.06919.0,6920.06919.0,6922.06919.0,6928.06920.0,6919.06920.0,6922.06920.0,7074.06921.0,6919.06922.0,6921.06922.0,6926.06922.0,9786.06923.0,546.06923.0,6916.06923.0,6917.06924.0,6607.06925.0,605.06925.0,7323.06926.0,6884.06926.0,6923.06926.0,9783.06927.0,546.06927.0,6926.06928.0,1007.06928.0,6876.06928.0,6918.06928.0,6929.06929.0,6919.06930.0,786.06930.0,6961.06931.0,787.06931.0,788.06931.0,6932.06932.0,2567.06932.0,6632.06932.0,6930.06933.0,787.06933.0,788.06933.0,6963.06934.0,7129.06935.0,6936.06936.0,781.06936.0,6934.06936.0,6937.06937.0,781.06937.0,1657.06937.0,6936.06938.0,781.06938.0,6936.06939.0,3709.06940.0,871.06940.0,6941.06941.0,1027.06941.0,6940.06942.0,5700.06943.0,4006.06943.0,5429.06944.0,829.06944.0,4498.06944.0,5500.06945.0,829.06945.0,6951.06946.0,829.06946.0,6944.06946.0,6945.06947.0,646.06947.0,6953.06948.0,5432.06949.0,5180.06950.0,4234.06950.0,6951.06950.0,6955.06951.0,5179.06951.0,6950.06952.0,6948.06952.0,6953.06953.0,5075.06953.0,6952.06954.0,829.06954.0,6944.06955.0,829.06955.0,6954.06956.0,785.06956.0,2568.06956.0,6958.06957.0,785.06957.0,6631.06957.0,6959.06958.0,785.06958.0,6956.06958.0,6959.06959.0,785.06959.0,6957.06959.0,6958.06960.0,6118.06961.0,786.06961.0,6626.06961.0,6932.06961.0,6962.06962.0,786.06962.0,6964.06963.0,787.06963.0,6046.06963.0,6931.06964.0,6961.06965.0,6031.06966.0,6967.06966.0,6974.06967.0,6975.06967.0,7255.06968.0,6813.06969.0,803.06969.0,6676.06969.0,6971.06969.0,6974.06970.0,6967.06971.0,803.06971.0,6970.06972.0,7118.06972.0,7248.06973.0,7251.06974.0,803.06974.0,6682.06974.0,6969.06975.0,6735.06975.0,6966.06976.0,7117.06976.0,7248.06977.0,794.06977.0,6725.06977.0,6978.06977.0,6981.06978.0,794.06978.0,6979.06979.0,6722.06979.0,6753.06979.0,6985.06980.0,814.06980.0,6984.06981.0,794.06981.0,6757.06981.0,6977.06981.0,6986.06982.0,814.06982.0,1023.06983.0,795.06983.0,6719.06984.0,792.06984.0,814.06984.0,5646.06984.0,6982.06985.0,6979.06985.0,6981.06985.0,6983.06986.0,795.06986.0,796.06986.0,6981.06986.0,6987.06987.0,796.06987.0,6759.06987.0,6988.06988.0,796.06988.0,6986.06989.0,796.06989.0,6977.06990.0,6861.06990.0,6991.06991.0,6772.06991.0,6995.06992.0,6772.06992.0,6991.06993.0,6996.06993.0,7428.06994.0,6836.06994.0,6990.06995.0,6843.06995.0,6994.06996.0,6499.06996.0,7404.06997.0,725.06997.0,6998.06997.0,7475.06998.0,6997.06998.0,7008.06999.0,7466.07000.0,7016.07001.0,564.07001.0,7004.07002.0,564.07002.0,7032.07003.0,6244.07003.0,7005.07003.0,7008.07003.0,7022.07004.0,564.07004.0,7018.07005.0,6101.07005.0,6886.07005.0,7006.07005.0,7011.07006.0,6634.07006.0,7005.07007.0,7031.07008.0,6245.07008.0,6907.07008.0,6998.07008.0,7007.07009.0,730.07009.0,7005.07010.0,6868.07010.0,7012.07011.0,7003.07012.0,580.07012.0,7010.07012.0,7014.07013.0,725.07013.0,7003.07014.0,7338.07015.0,564.07015.0,7002.07016.0,564.07016.0,7015.07017.0,7000.07017.0,7023.07018.0,7023.07019.0,7012.07020.0,7019.07021.0,7020.07021.0,7158.07022.0,725.07022.0,7026.07023.0,7017.07023.0,7295.07024.0,6870.07024.0,7021.07025.0,6999.07025.0,7026.07026.0,7013.07026.0,7025.07027.0,7184.07028.0,563.07028.0,7032.07029.0,6903.07029.0,7001.07029.0,7032.07030.0,7029.07031.0,7029.07032.0,6910.07032.0,6911.07032.0,7029.07033.0,7425.07034.0,7065.07035.0,560.07035.0,7135.07036.0,617.07036.0,5049.07036.0,5057.07036.0,7039.07037.0,6496.07038.0,7262.07039.0,7047.07040.0,7038.07040.0,7041.07041.0,3679.07041.0,7037.07041.0,7040.07042.0,617.07042.0,7036.07043.0,7044.07044.0,6388.07044.0,6612.07044.0,6613.07045.0,7036.07046.0,617.07046.0,7042.07046.0,7047.07046.0,7550.07047.0,5230.07047.0,7045.07047.0,7048.07048.0,617.07048.0,7046.07049.0,6909.07049.0,7050.07050.0,7049.07050.0,7052.07051.0,7055.07052.0,557.07052.0,6902.07053.0,7051.07054.0,5653.07055.0,7054.07056.0,6908.07056.0,7057.07057.0,7050.07058.0,7056.07059.0,7060.07060.0,7187.07061.0,7398.07062.0,6902.07063.0,7066.07064.0,6904.07064.0,7063.07065.0,7061.07066.0,6243.07066.0,6906.07067.0,7065.07067.0,7066.07068.0,540.07068.0,7148.07069.0,3725.07069.0,7070.07070.0,7152.07071.0,7170.07072.0,7170.07073.0,540.07073.0,6202.07074.0,6503.07074.0,6920.07074.0,7076.07074.0,9044.07075.0,540.07075.0,7144.07076.0,1061.07076.0,7074.07077.0,5613.07077.0,5675.07077.0,7071.07077.0,7156.07078.0,7077.07079.0,540.07079.0,6270.07080.0,6871.07080.0,7083.07080.0,7087.07080.0,7088.07081.0,7085.07082.0,7081.07083.0,559.07083.0,6872.07083.0,7080.07083.0,7084.07084.0,559.07084.0,7083.07084.0,7282.07085.0,6222.07085.0,7087.07085.0,7161.07086.0,560.07086.0,7090.07087.0,5649.07087.0,6161.07087.0,7085.07088.0,7080.07088.0,7089.07089.0,560.07089.0,7086.07089.0,7088.07089.0,7137.07090.0,7303.07091.0,5640.07091.0,7215.07092.0,565.07092.0,568.07092.0,7096.07093.0,5562.07093.0,7100.07094.0,7091.07094.0,7093.07095.0,570.07095.0,7097.07095.0,7221.07095.0,7376.07096.0,568.07096.0,7094.07097.0,570.07097.0,3658.07097.0,7095.07097.0,7099.07098.0,568.07098.0,7451.07099.0,570.07099.0,1005.07100.0,1029.07100.0,7093.07100.0,7208.07101.0,601.07101.0,7108.07102.0,602.07102.0,7109.07103.0,602.07103.0,7102.07103.0,7104.07104.0,602.07104.0,6609.07104.0,7103.07104.0,7115.07105.0,607.07105.0,6866.07106.0,607.07106.0,7105.07107.0,7104.07108.0,601.07108.0,6609.07108.0,7107.07108.0,7113.07109.0,7113.07110.0,607.07110.0,7114.07111.0,606.07111.0,7103.07112.0,601.07112.0,7315.07112.0,7457.07113.0,601.07113.0,7108.07113.0,7112.07114.0,6798.07114.0,7111.07114.0,7115.07115.0,3654.07115.0,7106.07115.0,7114.07116.0,6972.07117.0,6618.07117.0,6976.07118.0,7116.07119.0,6572.07119.0,6675.07119.0,6969.07120.0,806.07120.0,6572.07121.0,807.07121.0,6674.07122.0,6677.07123.0,6572.07124.0,806.07124.0,6678.07125.0,807.07125.0,7119.07126.0,7207.07127.0,5732.07128.0,7127.07129.0,7188.07130.0,7134.07131.0,7130.07132.0,997.07133.0,7126.07134.0,7133.07135.0,7136.07135.0,7137.07135.0,7140.07136.0,5972.07136.0,5978.07136.0,7135.07137.0,560.07137.0,5651.07137.0,7035.07137.0,7089.07138.0,560.07138.0,7137.07139.0,7138.07140.0,7304.07141.0,7147.07142.0,7151.07143.0,7144.07143.0,7150.07144.0,7079.07144.0,7143.07144.0,7155.07145.0,7153.07146.0,7143.07147.0,7146.07147.0,7154.07147.0,7156.07148.0,7144.07149.0,579.07149.0,582.07149.0,7162.07150.0,7073.07151.0,7154.07152.0,3726.07152.0,7069.07152.0,7153.07153.0,5612.07153.0,7147.07153.0,7152.07154.0,6268.07154.0,7147.07154.0,7152.07155.0,7154.07156.0,5612.07156.0,7077.07156.0,7141.07157.0,7087.07158.0,6875.07158.0,7021.07158.0,7157.07158.0,7159.07159.0,6227.07159.0,6901.07159.0,7158.07160.0,555.07160.0,7159.07161.0,7160.07162.0,579.07162.0,582.07162.0,7235.07163.0,565.07163.0,3930.07163.0,7321.07164.0,565.07164.0,7163.07165.0,565.07165.0,7164.07166.0,6296.07166.0,7168.07167.0,6265.07167.0,7169.07167.0,7174.07168.0,6277.07168.0,7166.07168.0,7172.07169.0,5594.07169.0,6210.07169.0,6269.07169.0,7167.07170.0,544.07170.0,6203.07170.0,7073.07170.0,7180.07171.0,7179.07172.0,7169.07173.0,518.07173.0,520.07173.0,5678.07173.0,7178.07174.0,7142.07175.0,520.07175.0,7173.07176.0,11323.07177.0,6277.07178.0,520.07178.0,6275.07178.0,7175.07179.0,5681.07180.0,544.07180.0,7077.07181.0,6961.07182.0,5577.07182.0,7397.07183.0,558.07183.0,3711.07183.0,7388.07184.0,7028.07184.0,7186.07184.0,7222.07185.0,6342.07185.0,7182.07186.0,7184.07186.0,7446.07187.0,558.07187.0,7058.07187.0,7183.07188.0,5836.07188.0,7189.07188.0,7194.07189.0,5832.07189.0,5834.07189.0,7188.07190.0,782.07190.0,5833.07190.0,7189.07191.0,7192.07192.0,7197.07192.0,7201.07193.0,7197.07193.0,7201.07194.0,1028.07194.0,7195.07195.0,7190.07195.0,7194.07196.0,7203.07197.0,7193.07197.0,7198.07198.0,7195.07198.0,7199.07199.0,7193.07199.0,7198.07200.0,7205.07201.0,7192.07201.0,7200.07202.0,7128.07203.0,5731.07203.0,7191.07203.0,7205.07204.0,7131.07205.0,7202.07205.0,7203.07206.0,7196.07207.0,7206.07208.0,571.07208.0,7216.07209.0,7094.07209.0,7098.07210.0,7212.07210.0,7213.07211.0,5715.07211.0,7213.07212.0,5555.07212.0,7211.07213.0,5641.07213.0,6392.07214.0,7095.07215.0,5719.07215.0,7209.07216.0,571.07216.0,7100.07216.0,7221.07217.0,4360.07217.0,5527.07217.0,7219.07218.0,4403.07218.0,5493.07219.0,7217.07219.0,7218.07220.0,5429.07221.0,570.07221.0,7095.07221.0,7216.07221.0,7333.07222.0,563.07222.0,7223.07222.0,7293.07223.0,563.07223.0,7186.07223.0,7222.07224.0,6178.07224.0,7034.07224.0,7245.07224.0,7284.07225.0,750.07225.0,7224.07226.0,582.07226.0,7149.07226.0,7227.07227.0,578.07227.0,582.07227.0,7226.07227.0,7239.07228.0,750.07228.0,7225.07229.0,7240.07230.0,580.07230.0,581.07230.0,7227.07230.0,7235.07231.0,5948.07231.0,7232.07232.0,1033.07232.0,7234.07233.0,7231.07233.0,7275.07234.0,7233.07235.0,580.07235.0,581.07235.0,7230.07235.0,7330.07236.0,582.07236.0,583.07236.0,7237.07236.0,7381.07237.0,578.07237.0,7226.07237.0,7236.07238.0,581.07238.0,7235.07238.0,7386.07239.0,578.07239.0,7185.07240.0,580.07240.0,581.07240.0,7230.07241.0,578.07241.0,7237.07242.0,7244.07242.0,7245.07243.0,7242.07244.0,7234.07245.0,6182.07245.0,6965.07245.0,7228.07245.0,7243.07246.0,811.07246.0,6574.07246.0,6620.07246.0,7247.07247.0,811.07247.0,1026.07247.0,7246.07247.0,7254.07248.0,6976.07248.0,7249.07248.0,7252.07249.0,6972.07249.0,7248.07250.0,1030.07251.0,6968.07251.0,7256.07252.0,7250.07252.0,7257.07253.0,6739.07254.0,7257.07255.0,7249.07255.0,7252.07256.0,6975.07256.0,7255.07257.0,6822.07257.0,7256.07258.0,6747.07258.0,7253.07258.0,7259.07259.0,7258.07260.0,545.07260.0,5595.07260.0,7265.07261.0,6204.07261.0,7260.07262.0,6439.07262.0,7264.07263.0,5979.07263.0,6090.07264.0,5696.07264.0,7266.07264.0,7267.07265.0,5598.07265.0,7261.07265.0,7302.07266.0,7345.07267.0,7041.07267.0,7262.07268.0,7267.07269.0,561.07269.0,7339.07270.0,561.07270.0,7269.07271.0,561.07271.0,7281.07272.0,7282.07273.0,561.07273.0,7271.07274.0,7276.07275.0,7278.07276.0,5948.07276.0,7231.07277.0,7284.07278.0,7277.07279.0,7273.07280.0,561.07280.0,7281.07281.0,7282.07281.0,7307.07282.0,7084.07282.0,7270.07282.0,7281.07283.0,7274.07284.0,6905.07284.0,7224.07284.0,7283.07285.0,7296.07286.0,7272.07287.0,1032.07287.0,6363.07288.0,1031.07288.0,7287.07289.0,7294.07290.0,536.07290.0,7288.07291.0,7292.07292.0,7261.07293.0,563.07293.0,7297.07293.0,7310.07294.0,7017.07294.0,7295.07295.0,6159.07295.0,7305.07296.0,7301.07297.0,7139.07297.0,7303.07298.0,7297.07299.0,536.07299.0,7290.07300.0,6372.07300.0,7299.07300.0,7308.07301.0,7309.07302.0,6372.07302.0,7300.07303.0,7286.07303.0,7306.07304.0,7294.07304.0,7311.07305.0,7136.07305.0,7304.07306.0,563.07306.0,7223.07306.0,7293.07307.0,7306.07308.0,6339.07308.0,7291.07308.0,7300.07309.0,536.07309.0,7308.07310.0,7289.07311.0,7298.07312.0,587.07312.0,7317.07312.0,7363.07313.0,562.07313.0,7321.07313.0,7334.07314.0,600.07314.0,7101.07314.0,7315.07315.0,600.07315.0,7360.07316.0,604.07316.0,7323.07316.0,7324.07317.0,587.07317.0,7312.07317.0,7326.07318.0,562.07318.0,7313.07319.0,7325.07319.0,7329.07320.0,562.07320.0,7448.07321.0,562.07321.0,7163.07321.0,7313.07321.0,7320.07322.0,562.07322.0,7318.07323.0,6924.07323.0,7316.07323.0,7343.07324.0,6610.07324.0,7323.07325.0,581.07325.0,7319.07325.0,7327.07326.0,587.07326.0,7319.07326.0,7327.07327.0,587.07327.0,7312.07327.0,7326.07328.0,583.07328.0,7382.07329.0,7279.07329.0,7339.07330.0,7325.07330.0,7329.07331.0,583.07331.0,7401.07332.0,599.07332.0,6519.07332.0,7340.07333.0,7337.07334.0,7317.07334.0,7363.07335.0,7341.07336.0,7375.07337.0,7408.07338.0,7229.07338.0,7330.07339.0,7010.07339.0,7338.07340.0,1015.07340.0,6518.07340.0,7341.07341.0,7340.07341.0,7456.07342.0,7321.07342.0,7334.07343.0,6605.07343.0,7344.07343.0,7358.07344.0,604.07345.0,600.07345.0,7359.07345.0,7360.07346.0,600.07346.0,7268.07346.0,7345.07347.0,586.07347.0,7348.07348.0,6489.07348.0,7351.07348.0,7433.07349.0,596.07349.0,597.07349.0,7346.07349.0,7356.07350.0,7348.07350.0,7353.07351.0,7350.07352.0,7342.07353.0,7352.07354.0,6456.07354.0,7357.07355.0,597.07355.0,7384.07356.0,596.07356.0,7355.07357.0,7328.07357.0,7401.07358.0,6914.07358.0,7314.07358.0,7359.07359.0,6437.07359.0,7316.07359.0,7358.07360.0,600.07360.0,7362.07360.0,7457.07361.0,7356.07362.0,7346.07362.0,7361.07363.0,7374.07363.0,7387.07364.0,584.07364.0,7378.07365.0,7366.07365.0,7377.07366.0,7097.07366.0,7376.07367.0,584.07367.0,7381.07368.0,596.07368.0,7349.07369.0,7333.07370.0,6494.07370.0,7368.07370.0,7372.07371.0,595.07371.0,7380.07372.0,7370.07372.0,7371.07373.0,584.07373.0,7367.07374.0,7342.07374.0,7347.07375.0,6445.07375.0,7365.07376.0,7369.07376.0,7375.07377.0,7379.07378.0,584.07378.0,7385.07379.0,594.07379.0,595.07379.0,7370.07379.0,7380.07380.0,594.07380.0,595.07380.0,3658.07380.0,7366.07381.0,7236.07381.0,7331.07381.0,7382.07382.0,6428.07382.0,7364.07382.0,7381.07383.0,7372.07384.0,7368.07384.0,7383.07385.0,584.07385.0,7374.07386.0,7373.07387.0,587.07387.0,7386.07388.0,558.07388.0,7391.07388.0,7393.07389.0,7185.07389.0,7241.07390.0,752.07390.0,7400.07391.0,7390.07392.0,6323.07392.0,7354.07393.0,7053.07393.0,7187.07394.0,7064.07395.0,7396.07396.0,7393.07397.0,7389.07397.0,7392.07398.0,7402.07399.0,752.07399.0,7394.07400.0,752.07400.0,7399.07401.0,583.07401.0,7389.07401.0,7392.07402.0,7395.07403.0,5563.07403.0,6993.07404.0,7403.07404.0,7410.07405.0,569.07405.0,7425.07406.0,7431.07407.0,7403.07408.0,7407.07408.0,7409.07409.0,7336.07409.0,7408.07410.0,7409.07411.0,6830.07411.0,7412.07412.0,7414.07412.0,7418.07413.0,6830.07414.0,7413.07414.0,7415.07415.0,7414.07415.0,7467.07415.0,7470.07416.0,832.07416.0,6781.07416.0,6783.07417.0,7416.07418.0,6740.07419.0,817.07419.0,6768.07420.0,6847.07420.0,7442.07421.0,6404.07421.0,7432.07422.0,7473.07423.0,7422.07424.0,5496.07425.0,568.07425.0,569.07425.0,7426.07425.0,7450.07426.0,569.07426.0,7421.07426.0,7425.07427.0,7426.07428.0,7351.07429.0,7424.07430.0,7405.07430.0,7421.07431.0,7030.07431.0,7430.07432.0,7431.07432.0,7474.07433.0,6996.07434.0,818.07434.0,7454.07435.0,7440.07436.0,6743.07436.0,7444.07437.0,816.07437.0,7443.07438.0,814.07438.0,7443.07439.0,6745.07439.0,7485.07440.0,7439.07441.0,7438.07442.0,7441.07443.0,816.07443.0,1673.07443.0,7444.07443.0,7445.07444.0,816.07444.0,7435.07444.0,7443.07445.0,816.07445.0,7447.07446.0,7322.07446.0,7448.07447.0,5607.07447.0,7436.07448.0,7092.07448.0,7451.07449.0,7332.07450.0,7184.07450.0,7446.07451.0,7427.07451.0,7450.07452.0,6534.07452.0,7362.07452.0,7457.07453.0,598.07453.0,7452.07454.0,5606.07454.0,7455.07454.0,7478.07455.0,7454.07455.0,7458.07456.0,7453.07457.0,7449.07457.0,7452.07458.0,813.07458.0,7459.07459.0,813.07459.0,7460.07459.0,7463.07460.0,813.07460.0,7461.07461.0,813.07461.0,6740.07461.0,7470.07462.0,813.07462.0,7459.07462.0,7472.07463.0,6827.07463.0,7462.07464.0,7463.07465.0,7418.07465.0,7464.07466.0,7475.07467.0,7465.07468.0,7429.07469.0,7468.07469.0,7473.07470.0,7469.07471.0,7467.07472.0,818.07472.0,7434.07473.0,7415.07473.0,7471.07474.0,6389.07474.0,7475.07475.0,6997.07475.0,7406.07475.0,7474.07476.0,821.07476.0,7479.07477.0,6844.07477.0,7476.07477.0,7482.07478.0,7480.07478.0,7484.07479.0,821.07479.0,6778.07479.0,7486.07479.0,7490.07480.0,7477.07481.0,6846.07481.0,7420.07482.0,7477.07482.0,7492.07483.0,821.07483.0,7482.07484.0,7455.07484.0,7478.07485.0,7487.07486.0,821.07486.0,7479.07486.0,7483.07487.0,7489.07487.0,7491.07488.0,7486.07488.0,7490.07489.0,7488.07490.0,7488.07490.0,7491.07491.0,7481.07491.0,7487.07492.0,7484.07493.0,346.07493.0,8625.07494.0,352.07494.0,7495.07495.0,352.07495.0,8315.07496.0,8315.07497.0,7504.07497.0,9483.07498.0,364.07498.0,367.07498.0,7499.07498.0,7503.07499.0,364.07499.0,367.07499.0,7498.07499.0,8198.07500.0,7499.07500.0,7501.07500.0,7503.07501.0,8195.07502.0,8195.07503.0,7500.07503.0,7505.07504.0,9385.07504.0,9482.07505.0,364.07505.0,8678.07506.0,421.07506.0,425.07506.0,8361.07507.0,423.07507.0,8330.07508.0,425.07508.0,8343.07509.0,421.07509.0,425.07509.0,7508.07510.0,421.07510.0,425.07510.0,7506.07511.0,4135.07512.0,8451.07513.0,8451.07514.0,405.07514.0,8798.07515.0,3571.07515.0,3577.07516.0,7517.07517.0,1063.07517.0,7516.07518.0,283.07518.0,7926.07519.0,8168.07520.0,283.07520.0,7932.07520.0,8030.07521.0,7907.07522.0,286.07522.0,7523.07523.0,283.07523.0,7520.07523.0,9219.07524.0,255.07524.0,7622.07525.0,255.07525.0,7524.07525.0,7527.07526.0,256.07526.0,7528.07527.0,255.07527.0,10489.07528.0,256.07528.0,7622.07528.0,7628.07528.0,10842.07529.0,373.07529.0,7538.07530.0,371.07530.0,7531.07530.0,7536.07531.0,371.07531.0,7530.07531.0,7535.07532.0,8216.07533.0,7532.07533.0,7534.07534.0,7533.07534.0,7539.07535.0,373.07535.0,8207.07536.0,371.07536.0,7533.07536.0,7539.07537.0,371.07537.0,7530.07538.0,373.07538.0,7529.07538.0,7537.07539.0,7531.07539.0,7536.07540.0,270.07540.0,271.07540.0,7541.07541.0,3604.07541.0,9398.07542.0,270.07542.0,271.07542.0,7543.07543.0,270.07543.0,271.07543.0,11816.07544.0,270.07544.0,7828.07544.0,9406.07545.0,7544.07546.0,7986.07547.0,338.07547.0,7546.07548.0,398.07548.0,410.07548.0,7552.07548.0,8392.07549.0,398.07549.0,7551.07550.0,8744.07551.0,7552.07552.0,7548.07552.0,7556.07553.0,68.07553.0,7555.07554.0,410.07554.0,7548.07554.0,7556.07555.0,398.07555.0,7556.07555.0,8747.07556.0,7554.07556.0,7558.07556.0,8741.07557.0,7555.07558.0,398.07558.0,7555.07559.0,415.07559.0,7560.07559.0,9107.07560.0,415.07560.0,7559.07560.0,7561.07561.0,7562.07561.0,7566.07562.0,7561.07562.0,7564.07563.0,416.07563.0,7562.07564.0,76.07564.0,7559.07565.0,8280.07566.0,416.07566.0,10008.07567.0,416.07567.0,7568.07568.0,7565.07568.0,9719.07569.0,7571.07569.0,8051.07570.0,7569.07570.0,8057.07571.0,7574.07571.0,8050.07572.0,58.07572.0,7573.07572.0,8244.07573.0,3645.07573.0,8761.07574.0,5665.07575.0,53.07575.0,7570.07575.0,8056.07576.0,53.07576.0,7575.07576.0,8058.07577.0,541.07577.0,8055.07578.0,264.07578.0,7580.07578.0,8496.07579.0,264.07579.0,266.07579.0,7578.07579.0,8484.07580.0,264.07580.0,7579.07581.0,330.07581.0,7582.07581.0,7588.07582.0,330.07582.0,7581.07582.0,7585.07583.0,330.07583.0,7582.07584.0,330.07584.0,7581.07585.0,329.07585.0,7583.07585.0,8598.07586.0,7584.07586.0,7592.07586.0,8526.07587.0,7589.07587.0,7762.07588.0,330.07588.0,7586.07589.0,7587.07589.0,7590.07589.0,7756.07590.0,7586.07590.0,7589.07591.0,333.07591.0,7589.07592.0,7590.07593.0,230.07593.0,7596.07593.0,7598.07593.0,7605.07594.0,3643.07594.0,7596.07594.0,7605.07595.0,230.07595.0,7594.07596.0,7593.07596.0,7595.07596.0,7598.07597.0,7594.07598.0,7593.07598.0,7596.07598.0,7606.07599.0,9447.07600.0,7599.07600.0,7601.07601.0,7598.07602.0,235.07602.0,7605.07602.0,7660.07603.0,235.07603.0,7602.07604.0,233.07604.0,7605.07605.0,7593.07605.0,7594.07605.0,7603.07605.0,7608.07606.0,7600.07607.0,233.07607.0,8507.07608.0,233.07608.0,7607.07609.0,7600.07610.0,231.07610.0,232.07610.0,8505.07611.0,190.07611.0,7613.07612.0,8517.07613.0,7614.07614.0,3641.07615.0,7612.07616.0,189.07616.0,8490.07617.0,189.07617.0,8492.07618.0,2694.07618.0,7617.07618.0,8925.07619.0,190.07619.0,8493.07619.0,8517.07619.0,9146.07620.0,255.07620.0,7525.07621.0,7622.07622.0,7528.07622.0,7620.07622.0,7625.07622.0,7626.07623.0,7626.07624.0,7623.07625.0,10837.07626.0,7621.07626.0,9144.07627.0,7633.07628.0,256.07628.0,7528.07628.0,7633.07628.0,10845.07629.0,7631.07630.0,260.07630.0,9069.07631.0,260.07631.0,3637.07631.0,7630.07632.0,260.07632.0,7631.07633.0,3637.07633.0,7628.07634.0,243.07634.0,7640.07635.0,243.07635.0,9068.07636.0,243.07636.0,9075.07637.0,7640.07638.0,240.07638.0,7639.07638.0,7644.07639.0,240.07639.0,7638.07639.0,7641.07640.0,7638.07640.0,7641.07640.0,7645.07641.0,7635.07641.0,7640.07642.0,238.07642.0,240.07642.0,7639.07643.0,238.07643.0,240.07643.0,7642.07644.0,238.07644.0,240.07644.0,7652.07645.0,245.07645.0,9462.07646.0,257.07646.0,9751.07647.0,239.07647.0,7648.07647.0,7650.07648.0,239.07648.0,7647.07648.0,7653.07648.0,7655.07649.0,238.07649.0,7650.07649.0,7662.07650.0,239.07650.0,7643.07650.0,7649.07650.0,7651.07651.0,7648.07651.0,7650.07651.0,7727.07652.0,7651.07653.0,3634.07653.0,7654.07654.0,7647.07654.0,7653.07655.0,241.07655.0,9440.07656.0,224.07656.0,7662.07656.0,10826.07657.0,239.07657.0,7648.07658.0,236.07658.0,9220.07659.0,236.07659.0,8947.07660.0,236.07660.0,7659.07661.0,246.07661.0,7665.07662.0,1040.07662.0,7649.07663.0,250.07663.0,7664.07663.0,9519.07664.0,246.07664.0,7702.07665.0,246.07665.0,7663.07666.0,250.07666.0,7663.07667.0,249.07667.0,9517.07668.0,8959.07669.0,7670.07669.0,7678.07670.0,7669.07670.0,7671.07671.0,7693.07671.0,8956.07672.0,223.07672.0,7676.07672.0,11187.07673.0,7671.07674.0,247.07674.0,7672.07675.0,247.07675.0,7679.07675.0,7694.07676.0,7672.07676.0,7675.07677.0,7670.07677.0,7678.07678.0,7677.07678.0,11188.07679.0,247.07679.0,7674.07679.0,7675.07680.0,247.07680.0,7679.07681.0,7677.07682.0,7698.07682.0,9473.07683.0,7682.07684.0,252.07684.0,7699.07684.0,7729.07685.0,252.07685.0,7684.07686.0,7719.07687.0,248.07687.0,7771.07687.0,8954.07688.0,8955.07689.0,7705.07689.0,8523.07690.0,7689.07691.0,248.07691.0,7693.07692.0,7689.07693.0,7669.07693.0,7671.07694.0,7692.07695.0,7693.07696.0,7680.07696.0,7692.07697.0,252.07697.0,7701.07698.0,7701.07699.0,252.07699.0,7684.07699.0,7697.07699.0,7735.07700.0,7701.07701.0,7682.07701.0,7699.07701.0,7707.07702.0,224.07702.0,246.07702.0,1039.07703.0,7704.07703.0,9480.07704.0,7703.07704.0,7723.07705.0,7696.07705.0,7785.07706.0,247.07706.0,7696.07707.0,7709.07708.0,7713.07709.0,254.07709.0,7710.07709.0,7711.07709.0,7713.07710.0,7700.07711.0,9749.07712.0,254.07712.0,7713.07713.0,7709.07713.0,7714.07713.0,7774.07714.0,254.07714.0,7715.07715.0,7749.07716.0,252.07716.0,254.07716.0,7738.07717.0,7751.07718.0,7741.07718.0,7770.07719.0,7685.07719.0,7735.07720.0,7688.07720.0,7719.07721.0,9224.07722.0,242.07722.0,9673.07723.0,7726.07723.0,7728.07724.0,7722.07725.0,7668.07726.0,7703.07726.0,7723.07727.0,239.07727.0,8909.07728.0,7699.07728.0,7729.07729.0,7726.07729.0,7728.07730.0,7651.07731.0,7725.07732.0,7720.07733.0,7732.07733.0,7734.07734.0,7733.07734.0,7737.07735.0,7732.07735.0,7734.07736.0,7739.07737.0,7736.07738.0,7768.07738.0,7769.07739.0,7709.07739.0,7738.07740.0,7733.07740.0,7739.07741.0,7743.07742.0,7718.07743.0,7742.07743.0,7745.07744.0,7745.07745.0,7743.07745.0,8524.07746.0,299.07746.0,7788.07747.0,3628.07747.0,9431.07748.0,7746.07749.0,7712.07749.0,7747.07749.0,7787.07750.0,8524.07751.0,7747.07751.0,7787.07752.0,8527.07753.0,7754.07754.0,7799.07755.0,333.07755.0,7756.07756.0,333.07756.0,7591.07756.0,7758.07757.0,7756.07758.0,333.07758.0,7874.07759.0,7765.07760.0,7761.07761.0,7764.07761.0,7767.07762.0,7763.07763.0,3626.07763.0,7587.07764.0,7759.07765.0,9745.07766.0,7760.07767.0,9300.07768.0,7782.07769.0,7740.07770.0,7787.07771.0,251.07771.0,7772.07771.0,7775.07772.0,7687.07773.0,326.07773.0,7779.07773.0,7870.07773.0,7870.07774.0,254.07774.0,7716.07775.0,251.07775.0,7784.07776.0,326.07776.0,7777.07777.0,326.07777.0,7779.07777.0,7779.07777.0,9427.07778.0,7769.07779.0,326.07779.0,7773.07779.0,7776.07780.0,7778.07781.0,326.07781.0,7773.07782.0,7749.07783.0,251.07783.0,7784.07783.0,8525.07784.0,251.07784.0,7771.07784.0,7783.07785.0,7786.07785.0,7796.07786.0,7706.07786.0,7785.07787.0,7718.07787.0,7749.07787.0,7780.07788.0,299.07788.0,3623.07789.0,298.07789.0,7873.07789.0,12250.07790.0,305.07790.0,7794.07791.0,305.07791.0,7794.07791.0,7899.07792.0,305.07792.0,7793.07792.0,7893.07792.0,8033.07793.0,7905.07794.0,9746.07794.0,9956.07795.0,298.07795.0,8934.07796.0,7798.07797.0,7786.07797.0,7798.07798.0,7752.07798.0,7802.07799.0,7802.07800.0,298.07800.0,7803.07800.0,9001.07801.0,7800.07802.0,7797.07802.0,7801.07803.0,7795.07804.0,7800.07804.0,7806.07805.0,7797.07805.0,7801.07806.0,7805.07807.0,314.07807.0,337.07807.0,7810.07808.0,7809.07808.0,7963.07809.0,337.07809.0,7808.07809.0,7810.07809.0,9281.07810.0,337.07810.0,7809.07810.0,7811.07811.0,337.07811.0,7810.07811.0,9167.07812.0,337.07812.0,7811.07813.0,314.07813.0,7807.07814.0,9288.07815.0,341.07815.0,343.07815.0,9113.07816.0,341.07816.0,343.07816.0,7949.07817.0,341.07817.0,343.07817.0,7816.07818.0,3606.07818.0,7820.07819.0,313.07819.0,7818.07820.0,313.07820.0,8012.07821.0,3608.07822.0,313.07822.0,8012.07822.0,8605.07823.0,7540.07824.0,275.07824.0,7825.07824.0,11818.07825.0,275.07825.0,3603.07825.0,7824.07826.0,7830.07827.0,7544.07828.0,7827.07828.0,7833.07829.0,9628.07830.0,10100.07830.0,11809.07831.0,272.07831.0,9619.07832.0,272.07832.0,7833.07833.0,272.07833.0,7827.07833.0,7831.07834.0,7841.07834.0,7845.07835.0,7834.07836.0,276.07836.0,7852.07837.0,7835.07838.0,276.07838.0,7836.07838.0,7862.07839.0,7846.07839.0,12612.07840.0,279.07840.0,9775.07841.0,7839.07841.0,7842.07842.0,7835.07842.0,7849.07843.0,278.07843.0,7851.07844.0,278.07844.0,11090.07845.0,278.07845.0,7844.07846.0,7839.07846.0,7842.07847.0,7846.07848.0,279.07848.0,7837.07848.0,7850.07849.0,7850.07850.0,279.07850.0,7840.07850.0,7848.07851.0,7841.07852.0,276.07852.0,7838.07852.0,9009.07853.0,273.07853.0,279.07853.0,7854.07854.0,279.07854.0,7858.07854.0,9770.07855.0,273.07855.0,7853.07856.0,7853.07856.0,9309.07857.0,9774.07858.0,7856.07858.0,7857.07859.0,7856.07860.0,280.07860.0,9191.07860.0,9782.07861.0,274.07861.0,9194.07861.0,9305.07862.0,276.07862.0,7861.07863.0,274.07863.0,7865.07864.0,7868.07865.0,9308.07866.0,274.07866.0,7863.07866.0,7868.07867.0,7838.07867.0,7861.07868.0,7866.07868.0,7867.07869.0,7866.07869.0,7867.07870.0,7781.07870.0,9767.07871.0,3622.07872.0,3621.07873.0,9001.07874.0,333.07874.0,7756.07874.0,9809.07875.0,303.07875.0,3879.07876.0,303.07876.0,304.07876.0,7875.07876.0,7881.07877.0,310.07877.0,8032.07878.0,310.07878.0,7883.07879.0,310.07879.0,3616.07880.0,304.07880.0,7882.07880.0,7883.07881.0,304.07881.0,7880.07882.0,304.07882.0,7876.07883.0,310.07883.0,7877.07883.0,7879.07883.0,7884.07883.0,9252.07884.0,304.07884.0,7880.07885.0,310.07885.0,7883.07886.0,295.07886.0,7888.07887.0,7889.07888.0,7889.07888.0,7892.07889.0,297.07889.0,8937.07889.0,8938.07890.0,295.07890.0,7898.07891.0,7888.07891.0,7890.07892.0,949.07892.0,7887.07893.0,7792.07893.0,7902.07894.0,301.07894.0,7900.07894.0,7906.07895.0,301.07895.0,7901.07895.0,7902.07896.0,300.07896.0,7900.07896.0,7906.07897.0,3622.07897.0,7899.07897.0,8933.07897.0,8934.07898.0,7895.07898.0,8935.07899.0,300.07899.0,7790.07899.0,7897.07899.0,9803.07900.0,300.07900.0,7899.07900.0,9803.07901.0,301.07901.0,7903.07902.0,1042.07902.0,7898.07902.0,7904.07903.0,301.07903.0,7894.07904.0,295.07904.0,7886.07905.0,7906.07906.0,7792.07906.0,7894.07906.0,7902.07907.0,7911.07908.0,7909.07909.0,7917.07910.0,7930.07910.0,9635.07911.0,267.07911.0,9389.07912.0,7908.07912.0,7916.07912.0,8030.07913.0,7912.07914.0,7519.07915.0,7916.07915.0,10000.07916.0,7912.07916.0,7915.07916.0,8083.07917.0,285.07917.0,8083.07918.0,269.07918.0,7927.07919.0,9842.07919.0,9847.07920.0,8615.07921.0,7998.07922.0,282.07922.0,11079.07923.0,285.07923.0,7928.07923.0,9197.07924.0,285.07924.0,7923.07924.0,8068.07925.0,286.07925.0,350.07925.0,7931.07926.0,283.07926.0,7518.07926.0,7932.07926.0,8030.07927.0,285.07927.0,9201.07928.0,285.07928.0,7923.07928.0,8068.07929.0,7926.07930.0,7929.07931.0,286.07931.0,350.07931.0,8125.07932.0,7910.07932.0,7926.07933.0,81.07933.0,7922.07934.0,292.07934.0,7936.07934.0,7937.07935.0,292.07935.0,7934.07936.0,292.07936.0,7934.07936.0,7938.07937.0,292.07937.0,7935.07937.0,7940.07938.0,7936.07938.0,9272.07939.0,7942.07939.0,8612.07940.0,289.07940.0,7937.07940.0,8615.07940.0,9830.07941.0,7919.07941.0,8104.07941.0,8615.07942.0,7939.07942.0,7941.07943.0,3551.07944.0,291.07944.0,7938.07945.0,340.07945.0,341.07945.0,9115.07946.0,7815.07947.0,7948.07948.0,316.07948.0,7946.07948.0,8566.07948.0,8577.07949.0,341.07949.0,7948.07950.0,336.07950.0,7951.07950.0,9116.07951.0,336.07951.0,9285.07952.0,339.07952.0,9946.07953.0,339.07953.0,7954.07954.0,338.07954.0,7955.07954.0,7969.07954.0,7972.07955.0,339.07955.0,7952.07955.0,7953.07956.0,9119.07957.0,3612.07958.0,9268.07958.0,9275.07959.0,311.07959.0,7983.07960.0,7985.07961.0,309.07961.0,7808.07962.0,306.07962.0,7965.07963.0,309.07963.0,7965.07964.0,306.07964.0,309.07964.0,7965.07965.0,7961.07965.0,7966.07965.0,7968.07965.0,8621.07966.0,8559.07967.0,306.07967.0,309.07967.0,7964.07968.0,309.07968.0,8619.07969.0,338.07969.0,7547.07969.0,7954.07969.0,7971.07970.0,340.07970.0,7956.07970.0,7969.07970.0,9116.07971.0,338.07971.0,7969.07971.0,7970.07972.0,338.07972.0,9118.07973.0,344.07973.0,9117.07974.0,344.07974.0,7973.07975.0,339.07975.0,7955.07976.0,311.07976.0,312.07976.0,7983.07977.0,312.07977.0,8020.07978.0,3598.07978.0,7988.07978.0,8013.07979.0,7978.07980.0,7986.07980.0,7989.07981.0,7980.07982.0,311.07982.0,312.07982.0,7977.07982.0,7983.07983.0,311.07983.0,312.07983.0,7960.07983.0,7982.07983.0,8018.07984.0,7985.07985.0,7959.07985.0,7986.07986.0,7971.07986.0,7980.07986.0,7987.07987.0,7984.07988.0,7979.07988.0,7990.07989.0,7979.07990.0,7981.07991.0,8982.07992.0,3597.07992.0,7921.07992.0,8026.07993.0,357.07993.0,366.07993.0,7996.07993.0,8014.07994.0,7993.07995.0,8189.07996.0,357.07996.0,3600.07996.0,7993.07996.0,7997.07996.0,9029.07997.0,357.07997.0,1045.07998.0,7992.07998.0,8019.07999.0,284.07999.0,8987.08000.0,7991.08000.0,8984.08001.0,8004.08002.0,8011.08003.0,351.08003.0,8005.08004.0,8319.08005.0,8002.08006.0,8007.08006.0,8985.08007.0,8001.08007.0,8011.08008.0,8006.08009.0,8006.08009.0,8010.08010.0,8028.08011.0,8009.08011.0,10003.08012.0,313.08012.0,7819.08012.0,7822.08012.0,8015.08013.0,7982.08014.0,7994.08014.0,8017.08015.0,8016.08015.0,8610.08016.0,8012.08017.0,7995.08018.0,311.08018.0,8022.08019.0,7998.08019.0,8186.08019.0,8997.08020.0,312.08020.0,7976.08020.0,8021.08021.0,8605.08022.0,7988.08023.0,313.08023.0,7822.08024.0,7941.08025.0,288.08025.0,8026.08025.0,8027.08026.0,288.08026.0,8025.08026.0,8979.08027.0,7992.08028.0,8029.08028.0,9995.08029.0,8028.08029.0,9883.08030.0,283.08030.0,7520.08030.0,7523.08030.0,7913.08031.0,3878.08031.0,7883.08032.0,8031.08033.0,303.08033.0,3877.08033.0,8034.08034.0,7792.08035.0,376.08035.0,8641.08036.0,379.08036.0,8629.08036.0,8638.08037.0,376.08037.0,8641.08038.0,376.08038.0,8637.08039.0,380.08039.0,9094.08040.0,380.08040.0,8629.08040.0,9093.08041.0,55.08041.0,11095.08042.0,55.08042.0,8041.08043.0,57.08043.0,8045.08043.0,8246.08044.0,59.08044.0,11100.08045.0,57.08045.0,8043.08045.0,8047.08046.0,55.08046.0,8047.08046.0,8048.08047.0,55.08047.0,56.08047.0,8042.08047.0,8046.08048.0,56.08048.0,8043.08049.0,57.08049.0,6479.08049.0,8054.08049.0,8246.08049.0,8248.08050.0,7571.08050.0,8051.08051.0,7569.08051.0,8057.08052.0,8049.08053.0,56.08053.0,6476.08053.0,8052.08053.0,8055.08054.0,56.08054.0,8053.08055.0,5661.08055.0,8053.08055.0,9540.08056.0,53.08056.0,7575.08056.0,8058.08057.0,7570.08057.0,8056.08058.0,8059.08058.0,9541.08059.0,11347.08060.0,53.08060.0,9541.08061.0,9312.08062.0,53.08062.0,8061.08063.0,401.08063.0,8373.08064.0,396.08064.0,9987.08065.0,8029.08065.0,8067.08065.0,8104.08066.0,8065.08066.0,8073.08067.0,8065.08067.0,8073.08067.0,8083.08068.0,8069.08068.0,8075.08069.0,8078.08069.0,8082.08070.0,287.08070.0,8071.08071.0,8069.08072.0,8079.08073.0,8066.08073.0,8072.08074.0,287.08074.0,8110.08074.0,10118.08075.0,8074.08075.0,9832.08076.0,8080.08077.0,8076.08078.0,7924.08078.0,8084.08079.0,8078.08079.0,8082.08080.0,9199.08081.0,8066.08082.0,8079.08082.0,8081.08083.0,7912.08083.0,7916.08083.0,8067.08084.0,8083.08085.0,349.08085.0,8087.08085.0,8089.08086.0,8087.08086.0,8089.08087.0,8096.08088.0,8118.08088.0,8137.08089.0,349.08089.0,8090.08089.0,8093.08090.0,349.08090.0,8092.08091.0,8095.08092.0,349.08092.0,8085.08092.0,8107.08093.0,8088.08093.0,8121.08094.0,8091.08094.0,8093.08095.0,8090.08096.0,8142.08097.0,8100.08097.0,8112.08098.0,8327.08098.0,9882.08099.0,8098.08100.0,8097.08100.0,8098.08101.0,8100.08102.0,287.08102.0,8070.08102.0,8113.08103.0,8102.08104.0,8024.08104.0,8065.08104.0,8103.08105.0,8108.08106.0,8085.08106.0,8107.08107.0,349.08107.0,8101.08107.0,8106.08108.0,8106.08109.0,287.08109.0,8070.08109.0,8113.08110.0,287.08110.0,9837.08111.0,8086.08112.0,8105.08113.0,8114.08114.0,8110.08114.0,10119.08115.0,8123.08116.0,348.08116.0,9929.08117.0,8094.08117.0,8122.08118.0,8088.08118.0,8121.08119.0,8135.08120.0,350.08120.0,8140.08121.0,8119.08121.0,8123.08122.0,8117.08122.0,8120.08123.0,8094.08123.0,8122.08124.0,350.08124.0,8117.08125.0,8124.08126.0,9210.08127.0,347.08127.0,8134.08128.0,286.08128.0,9200.08129.0,286.08129.0,9216.08130.0,347.08130.0,9211.08131.0,8138.08132.0,8138.08132.0,8141.08133.0,9203.08134.0,347.08134.0,8139.08135.0,9204.08136.0,347.08136.0,9214.08137.0,8086.08137.0,8142.08138.0,8118.08138.0,8137.08139.0,347.08139.0,8131.08140.0,8144.08141.0,8130.08142.0,8132.08143.0,9403.08143.0,9610.08144.0,350.08144.0,8128.08145.0,8181.08146.0,73.08146.0,8147.08146.0,8149.08147.0,73.08147.0,8146.08147.0,8148.08148.0,73.08148.0,8152.08148.0,8157.08149.0,73.08149.0,8150.08149.0,8221.08150.0,8160.08150.0,8221.08151.0,8153.08151.0,8154.08152.0,8151.08153.0,8749.08154.0,8158.08155.0,8156.08156.0,8147.08156.0,8149.08157.0,73.08157.0,8146.08157.0,8148.08158.0,8152.08158.0,8157.08159.0,8160.08159.0,8163.08160.0,70.08160.0,8150.08160.0,8167.08160.0,8260.08161.0,74.08161.0,8162.08162.0,74.08162.0,8164.08162.0,8225.08163.0,8159.08163.0,8165.08164.0,9104.08164.0,9105.08165.0,74.08165.0,8161.08165.0,8166.08166.0,74.08166.0,8159.08166.0,8165.08167.0,8160.08167.0,8163.08168.0,82.08168.0,1043.08168.0,8180.08168.0,9210.08169.0,9908.08170.0,9323.08171.0,82.08171.0,9210.08172.0,8178.08173.0,7933.08173.0,8181.08174.0,82.08174.0,8178.08174.0,8180.08174.0,8182.08175.0,8183.08176.0,8183.08176.0,9611.08177.0,8286.08178.0,8169.08178.0,8174.08178.0,9205.08179.0,81.08179.0,9207.08180.0,82.08180.0,8168.08180.0,8174.08180.0,8181.08181.0,8173.08181.0,8179.08181.0,8180.08182.0,81.08182.0,9207.08183.0,8176.08183.0,9199.08184.0,8185.08185.0,356.08185.0,8188.08185.0,8190.08186.0,356.08186.0,8014.08186.0,8189.08187.0,356.08187.0,8188.08187.0,8190.08188.0,356.08188.0,8187.08188.0,9950.08189.0,356.08189.0,8191.08189.0,8192.08190.0,8019.08190.0,8186.08191.0,8185.08191.0,10085.08192.0,8191.08192.0,9026.08193.0,8195.08194.0,9826.08195.0,7500.08195.0,9897.08196.0,8195.08197.0,7498.08197.0,8199.08198.0,367.08198.0,8200.08199.0,8197.08199.0,8299.08200.0,367.08200.0,8199.08201.0,8307.08202.0,7538.08203.0,373.08203.0,8207.08204.0,8201.08204.0,8208.08205.0,8202.08206.0,373.08206.0,8213.08207.0,8203.08207.0,8206.08208.0,3574.08208.0,8204.08209.0,8211.08210.0,8211.08210.0,8213.08211.0,8205.08211.0,8209.08212.0,3574.08212.0,8208.08213.0,8210.08213.0,8212.08214.0,370.08214.0,8215.08214.0,8298.08215.0,370.08215.0,8214.08215.0,8217.08216.0,370.08216.0,8214.08216.0,8217.08217.0,370.08217.0,7534.08217.0,8216.08218.0,75.08218.0,8220.08218.0,8226.08219.0,8155.08220.0,75.08220.0,8222.08220.0,8227.08221.0,8230.08221.0,8233.08222.0,8228.08222.0,8235.08223.0,74.08223.0,8161.08223.0,8166.08224.0,75.08224.0,8218.08224.0,8229.08225.0,8223.08226.0,75.08226.0,8218.08226.0,8229.08227.0,75.08227.0,8220.08227.0,8226.08228.0,8222.08228.0,8227.08229.0,8224.08229.0,8231.08230.0,8228.08230.0,8234.08231.0,8232.08231.0,8236.08232.0,8224.08232.0,8231.08233.0,8156.08233.0,8237.08234.0,8230.08234.0,8233.08235.0,8234.08236.0,8239.08237.0,8219.08237.0,9825.08238.0,8232.08239.0,8241.08239.0,8243.08240.0,70.08240.0,8167.08241.0,8238.08241.0,8239.08242.0,8241.08242.0,8243.08243.0,8242.08243.0,9328.08244.0,59.08244.0,7572.08244.0,9827.08245.0,57.08245.0,8049.08246.0,8045.08246.0,8245.08247.0,8251.08248.0,57.08248.0,8049.08248.0,9561.08249.0,9311.08250.0,8247.08250.0,8252.08251.0,8756.08251.0,9595.08252.0,8758.08252.0,9569.08253.0,8154.08254.0,72.08254.0,8262.08254.0,8752.08255.0,71.08255.0,8257.08256.0,71.08256.0,8263.08257.0,71.08257.0,8265.08258.0,8257.08259.0,69.08259.0,71.08259.0,8256.08260.0,70.08260.0,8261.08261.0,70.08261.0,8255.08261.0,8262.08261.0,8263.08262.0,8254.08262.0,8261.08263.0,70.08263.0,8240.08263.0,8261.08264.0,71.08264.0,80.08264.0,8256.08264.0,8265.08265.0,80.08265.0,8264.08265.0,9907.08266.0,358.08266.0,359.08266.0,9103.08267.0,359.08267.0,8271.08268.0,354.08268.0,359.08268.0,9488.08269.0,3585.08270.0,8266.08270.0,8269.08271.0,353.08271.0,8272.08271.0,9013.08272.0,8270.08273.0,408.08273.0,418.08273.0,8279.08273.0,8765.08273.0,12969.08274.0,7567.08274.0,8280.08275.0,408.08275.0,417.08275.0,8273.08276.0,417.08276.0,8281.08276.0,12969.08277.0,8371.08278.0,8285.08278.0,12969.08279.0,408.08279.0,417.08279.0,8282.08280.0,8278.08280.0,8281.08281.0,417.08281.0,8282.08281.0,8283.08282.0,8274.08282.0,8277.08283.0,417.08283.0,8275.08284.0,69.08284.0,9319.08285.0,358.08285.0,1046.08285.0,8284.08286.0,9323.08287.0,8292.08288.0,8292.08289.0,8695.08290.0,8291.08291.0,8289.08291.0,8388.08292.0,8287.08292.0,8288.08292.0,8764.08293.0,8303.08293.0,8304.08294.0,8194.08294.0,8296.08295.0,372.08295.0,8778.08296.0,8293.08297.0,372.08297.0,8302.08298.0,370.08298.0,8294.08298.0,9826.08299.0,8194.08299.0,8296.08300.0,8215.08300.0,8298.08301.0,367.08301.0,372.08301.0,8304.08302.0,371.08302.0,372.08303.0,8197.08303.0,8299.08304.0,372.08304.0,8295.08304.0,8297.08304.0,8303.08305.0,3572.08306.0,8305.08307.0,377.08307.0,3578.08307.0,8628.08307.0,8630.08307.0,9381.08308.0,377.08308.0,8307.08309.0,8310.08309.0,8312.08310.0,8309.08310.0,8689.08311.0,436.08311.0,8313.08311.0,8649.08312.0,8311.08312.0,8314.08313.0,436.08313.0,8311.08313.0,8314.08314.0,8310.08314.0,8312.08315.0,352.08315.0,8318.08315.0,8329.08316.0,8318.08316.0,8329.08317.0,8316.08318.0,352.08318.0,8315.08318.0,8993.08319.0,351.08319.0,8003.08319.0,8322.08319.0,8323.08320.0,351.08320.0,353.08320.0,8325.08321.0,351.08321.0,8326.08322.0,351.08322.0,8319.08322.0,8320.08322.0,8321.08323.0,8324.08324.0,8317.08325.0,353.08325.0,8322.08325.0,9400.08326.0,9882.08327.0,8319.08328.0,9013.08329.0,8322.08330.0,423.08330.0,8339.08330.0,8354.08330.0,8409.08331.0,8339.08332.0,8340.08332.0,8341.08332.0,9649.08333.0,403.08333.0,8348.08333.0,9350.08334.0,403.08334.0,423.08334.0,8338.08335.0,403.08335.0,9649.08336.0,403.08336.0,8337.08337.0,414.08337.0,9135.08338.0,423.08338.0,8334.08338.0,8339.08339.0,423.08339.0,8330.08339.0,8331.08339.0,8338.08340.0,8332.08340.0,8341.08340.0,9122.08341.0,403.08341.0,8332.08341.0,8340.08341.0,8346.08342.0,8333.08342.0,8347.08343.0,420.08343.0,425.08343.0,8353.08344.0,8342.08344.0,8355.08345.0,420.08345.0,8352.08346.0,8341.08346.0,8348.08346.0,8349.08347.0,8342.08347.0,8355.08348.0,8346.08348.0,8347.08349.0,412.08349.0,8346.08349.0,8356.08349.0,8427.08349.0,9135.08350.0,412.08350.0,8353.08351.0,8349.08352.0,419.08352.0,420.08352.0,8420.08352.0,9346.08353.0,420.08353.0,7510.08353.0,8383.08353.0,8420.08353.0,8428.08354.0,7507.08354.0,8344.08354.0,8357.08355.0,8344.08355.0,8354.08356.0,8354.08357.0,8351.08358.0,426.08358.0,8361.08359.0,426.08359.0,8424.08360.0,8330.08361.0,426.08361.0,7509.08361.0,8359.08362.0,411.08362.0,8365.08363.0,411.08363.0,8372.08363.0,8391.08363.0,9139.08364.0,411.08364.0,8363.08365.0,411.08365.0,8363.08366.0,418.08366.0,8368.08366.0,8765.08367.0,408.08367.0,409.08367.0,8371.08367.0,8394.08368.0,413.08368.0,418.08368.0,8426.08369.0,418.08369.0,8366.08370.0,413.08370.0,418.08370.0,8369.08371.0,408.08371.0,8274.08371.0,8367.08372.0,411.08372.0,8765.08373.0,8374.08373.0,8378.08374.0,3590.08374.0,8373.08374.0,8375.08375.0,401.08376.0,400.08376.0,9646.08377.0,8380.08378.0,400.08378.0,8376.08378.0,8380.08379.0,400.08379.0,402.08379.0,8380.08380.0,3568.08380.0,8374.08380.0,8378.08381.0,8385.08382.0,8388.08382.0,9332.08383.0,360.08383.0,9347.08384.0,8713.08385.0,8382.08385.0,8389.08386.0,8382.08386.0,8389.08387.0,8386.08387.0,8445.08388.0,8289.08388.0,8387.08389.0,8384.08389.0,8385.08390.0,409.08390.0,7549.08391.0,8398.08392.0,8395.08393.0,409.08393.0,10014.08394.0,409.08394.0,8367.08394.0,8398.08394.0,10014.08395.0,3594.08396.0,8390.08397.0,8396.08398.0,8362.08398.0,8394.08398.0,8399.08399.0,3593.08400.0,3569.08400.0,8401.08400.0,8405.08400.0,8408.08401.0,8400.08401.0,8402.08401.0,9137.08401.0,9656.08402.0,9138.08403.0,8401.08404.0,401.08404.0,8400.08405.0,401.08405.0,8406.08406.0,399.08406.0,8404.08406.0,9138.08406.0,9356.08407.0,399.08407.0,8410.08408.0,402.08408.0,8400.08408.0,8401.08409.0,8414.08410.0,3789.08410.0,8412.08410.0,9138.08411.0,424.08411.0,8413.08411.0,8417.08411.0,8422.08412.0,399.08412.0,8410.08413.0,424.08413.0,8414.08414.0,424.08414.0,8360.08414.0,8411.08415.0,4351.08416.0,8415.08416.0,9814.08417.0,424.08417.0,8416.08418.0,8425.08418.0,8447.08419.0,412.08419.0,8349.08420.0,420.08420.0,8352.08420.0,8353.08420.0,8428.08420.0,8721.08421.0,419.08421.0,8420.08422.0,424.08422.0,8423.08423.0,8418.08423.0,9815.08424.0,426.08424.0,8358.08424.0,8381.08424.0,8713.08425.0,426.08425.0,8424.08426.0,413.08426.0,419.08426.0,8720.08427.0,412.08427.0,8419.08427.0,8428.08428.0,412.08428.0,8350.08428.0,8420.08428.0,8427.08429.0,419.08429.0,8421.08430.0,430.08430.0,8432.08431.0,430.08431.0,433.08431.0,9048.08432.0,433.08432.0,8431.08432.0,8886.08433.0,442.08433.0,9053.08434.0,8435.08434.0,9354.08434.0,9712.08435.0,8434.08435.0,9651.08436.0,364.08436.0,7500.08436.0,8678.08437.0,429.08437.0,8441.08437.0,8443.08437.0,8713.08438.0,429.08438.0,8443.08439.0,8440.08439.0,9373.08439.0,12970.08440.0,8439.08440.0,8696.08440.0,9380.08440.0,12970.08441.0,429.08441.0,8442.08442.0,8386.08443.0,8437.08443.0,8441.08443.0,8444.08444.0,3567.08444.0,8443.08444.0,9054.08445.0,8444.08446.0,8449.08447.0,8418.08447.0,9815.08448.0,431.08448.0,8807.08449.0,431.08449.0,10072.08450.0,8692.08451.0,8452.08451.0,8461.08452.0,8451.08452.0,8454.08453.0,446.08453.0,8799.08454.0,7511.08455.0,446.08455.0,447.08455.0,8456.08456.0,8453.08456.0,8800.08457.0,446.08457.0,8458.08458.0,446.08458.0,8455.08459.0,8460.08459.0,10058.08460.0,7512.08461.0,8459.08462.0,4836.08463.0,187.08463.0,188.08463.0,8926.08464.0,3953.08465.0,8925.08466.0,264.08466.0,8495.08466.0,8496.08467.0,8466.08468.0,262.08468.0,8472.08468.0,8472.08468.0,8474.08469.0,264.08469.0,8470.08470.0,2017.08470.0,8473.08470.0,8495.08471.0,262.08471.0,8470.08472.0,262.08472.0,8468.08472.0,8468.08473.0,262.08473.0,8474.08474.0,262.08474.0,8468.08474.0,8471.08475.0,1184.08476.0,8486.08477.0,8475.08478.0,8476.08479.0,266.08479.0,8478.08480.0,266.08480.0,8486.08481.0,1184.08482.0,8483.08483.0,1185.08483.0,8484.08484.0,266.08484.0,7579.08484.0,8480.08484.0,8483.08485.0,8503.08486.0,266.08486.0,8479.08486.0,8481.08486.0,8484.08487.0,866.08488.0,265.08488.0,8467.08489.0,8518.08490.0,7618.08491.0,187.08491.0,8463.08491.0,8931.08491.0,10409.08492.0,189.08492.0,3639.08492.0,7616.08492.0,8494.08493.0,8492.08494.0,7619.08495.0,8469.08495.0,8496.08496.0,7578.08496.0,8466.08496.0,10847.08497.0,231.08497.0,9512.08498.0,231.08498.0,8497.08499.0,263.08499.0,8500.08499.0,8501.08500.0,263.08500.0,265.08500.0,8504.08500.0,10841.08501.0,8499.08501.0,8503.08502.0,8499.08503.0,1049.08503.0,8502.08504.0,263.08504.0,8500.08504.0,8501.08505.0,8498.08505.0,8506.08505.0,9442.08506.0,866.08507.0,7604.08507.0,8508.08507.0,9454.08507.0,9457.08508.0,8507.08508.0,9734.08509.0,328.08509.0,9299.08510.0,8507.08511.0,8593.08512.0,328.08512.0,9299.08513.0,8947.08514.0,237.08514.0,9453.08515.0,237.08515.0,9449.08516.0,9145.08517.0,190.08517.0,7611.08517.0,7619.08517.0,8516.08518.0,8517.08519.0,261.08519.0,8520.08520.0,8505.08521.0,231.08521.0,8505.08522.0,251.08522.0,7783.08523.0,8532.08524.0,7748.08524.0,8525.08524.0,8528.08525.0,7744.08525.0,8522.08525.0,8524.08526.0,331.08526.0,8573.08527.0,8530.08527.0,8531.08528.0,7753.08528.0,8527.08529.0,7705.08530.0,8529.08530.0,8532.08531.0,8525.08532.0,8530.08532.0,8531.08533.0,321.08533.0,3956.08533.0,8556.08534.0,322.08534.0,8562.08535.0,322.08535.0,3957.08536.0,3955.08536.0,8533.08536.0,8538.08537.0,8541.08537.0,8542.08538.0,8536.08538.0,8537.08539.0,315.08539.0,3937.08539.0,8551.08539.0,8553.08540.0,317.08540.0,8541.08541.0,8536.08541.0,8537.08542.0,3958.08543.0,8549.08544.0,315.08544.0,8553.08545.0,8553.08546.0,3933.08546.0,8539.08546.0,8590.08547.0,316.08547.0,8549.08548.0,316.08548.0,8549.08548.0,8577.08548.0,8578.08549.0,8545.08549.0,8547.08549.0,8548.08550.0,8544.08550.0,9161.08551.0,315.08551.0,8552.08552.0,315.08552.0,8546.08553.0,315.08553.0,8539.08553.0,8543.08553.0,8550.08554.0,316.08554.0,8578.08555.0,9161.08556.0,321.08556.0,8563.08557.0,8560.08557.0,9095.08558.0,8557.08559.0,334.08559.0,9163.08560.0,382.08560.0,383.08560.0,9088.08560.0,9090.08561.0,323.08561.0,8563.08561.0,8568.08562.0,8535.08562.0,9188.08563.0,321.08563.0,3939.08563.0,8564.08563.0,8584.08564.0,323.08564.0,8561.08565.0,8569.08566.0,8567.08567.0,7947.08567.0,8565.08568.0,323.08568.0,8561.08568.0,8567.08568.0,9092.08569.0,323.08569.0,8568.08570.0,332.08570.0,8571.08571.0,3941.08571.0,8962.08572.0,331.08572.0,8574.08573.0,331.08573.0,8961.08574.0,8581.08575.0,331.08575.0,8965.08576.0,331.08576.0,7586.08577.0,7948.08577.0,8548.08577.0,8589.08578.0,316.08578.0,8547.08578.0,8548.08578.0,8555.08579.0,320.08579.0,8582.08580.0,320.08580.0,8563.08580.0,8588.08581.0,8598.08582.0,320.08582.0,8587.08583.0,8575.08584.0,8580.08585.0,8590.08585.0,9159.08586.0,320.08586.0,8580.08587.0,8589.08588.0,8579.08589.0,320.08589.0,8577.08589.0,8586.08590.0,8546.08590.0,8585.08590.0,9164.08591.0,339.08591.0,8623.08592.0,381.08592.0,8644.08592.0,9097.08593.0,328.08593.0,8594.08594.0,3936.08594.0,8595.08595.0,328.08595.0,8509.08596.0,8601.08597.0,329.08597.0,8598.08598.0,329.08598.0,7585.08598.0,8583.08598.0,8600.08598.0,9300.08599.0,8603.08600.0,329.08600.0,8599.08601.0,329.08601.0,8598.08602.0,8596.08603.0,8604.08604.0,3936.08605.0,7821.08605.0,8020.08605.0,8023.08605.0,8607.08606.0,7942.08607.0,8976.08608.0,288.08608.0,8614.08609.0,8611.08609.0,8613.08610.0,8015.08610.0,9288.08611.0,288.08611.0,291.08611.0,8606.08612.0,8608.08613.0,8609.08613.0,8980.08614.0,288.08614.0,291.08614.0,8613.08615.0,7939.08615.0,7940.08615.0,7941.08616.0,7967.08617.0,307.08617.0,8618.08618.0,307.08618.0,9006.08619.0,9276.08620.0,8621.08621.0,306.08621.0,7962.08621.0,8622.08622.0,306.08622.0,8617.08623.0,374.08623.0,8624.08623.0,9936.08623.0,9942.08624.0,346.08624.0,8626.08625.0,346.08625.0,3596.08625.0,8639.08626.0,8623.08627.0,379.08627.0,8036.08628.0,377.08628.0,8308.08628.0,8780.08629.0,379.08629.0,8040.08629.0,8627.08630.0,377.08630.0,8307.08630.0,8634.08631.0,377.08631.0,8630.08632.0,8639.08633.0,3562.08633.0,8637.08633.0,9939.08634.0,8636.08635.0,9526.08636.0,380.08636.0,9576.08637.0,8037.08637.0,8633.08638.0,379.08638.0,8633.08638.0,8639.08639.0,379.08639.0,7493.08639.0,8036.08639.0,8638.08640.0,384.08640.0,9086.08640.0,9570.08640.0,9675.08641.0,376.08641.0,8035.08641.0,8038.08641.0,8643.08642.0,8645.08643.0,376.08643.0,8307.08644.0,381.08644.0,8592.08644.0,8640.08645.0,8300.08646.0,435.08646.0,8651.08647.0,435.08647.0,8648.08648.0,435.08648.0,8779.08649.0,436.08649.0,8679.08649.0,8686.08649.0,8787.08650.0,435.08650.0,8647.08651.0,435.08651.0,8306.08652.0,427.08652.0,8655.08653.0,427.08653.0,8656.08653.0,8778.08654.0,427.08654.0,8653.08656.0,427.08656.0,8653.08656.0,8806.08657.0,387.08657.0,8658.08658.0,387.08658.0,3876.08659.0,387.08659.0,391.08659.0,8657.08659.0,8662.08660.0,387.08660.0,8659.08661.0,391.08661.0,9382.08661.0,10096.08662.0,391.08662.0,9383.08663.0,392.08663.0,8664.08663.0,8666.08664.0,392.08664.0,8667.08665.0,8663.08665.0,8676.08666.0,392.08666.0,8665.08667.0,392.08667.0,3876.08667.0,8663.08668.0,392.08668.0,8667.08669.0,8670.08670.0,8669.08670.0,8674.08670.0,9650.08671.0,8672.08671.0,8673.08672.0,407.08672.0,4109.08672.0,8671.08672.0,8675.08673.0,8671.08673.0,8674.08673.0,9661.08674.0,8670.08674.0,8673.08674.0,9660.08675.0,407.08675.0,8672.08675.0,9120.08676.0,393.08676.0,8665.08676.0,8677.08677.0,393.08677.0,395.08677.0,10108.08678.0,364.08678.0,8436.08678.0,9373.08679.0,436.08679.0,8313.08679.0,8649.08679.0,8687.08680.0,436.08680.0,8679.08680.0,8686.08681.0,437.08681.0,8680.08681.0,8685.08682.0,8681.08683.0,8688.08684.0,437.08684.0,8702.08684.0,8704.08685.0,8681.08685.0,8683.08686.0,8680.08686.0,8685.08687.0,8679.08687.0,8740.08688.0,437.08688.0,8684.08689.0,8309.08689.0,8703.08689.0,8736.08689.0,8804.08690.0,8691.08690.0,8805.08691.0,8690.08691.0,8700.08692.0,8691.08692.0,8805.08693.0,8733.08694.0,440.08694.0,8690.08695.0,422.08695.0,8699.08695.0,8710.08696.0,8440.08696.0,8698.08696.0,12970.08697.0,8696.08697.0,8698.08697.0,12970.08698.0,8697.08698.0,8716.08698.0,12970.08699.0,8387.08699.0,8695.08700.0,440.08700.0,445.08700.0,8770.08701.0,440.08701.0,445.08701.0,8694.08702.0,8706.08702.0,8707.08703.0,8689.08703.0,9129.08704.0,437.08704.0,8684.08704.0,8705.08705.0,437.08705.0,8682.08706.0,8702.08706.0,8704.08707.0,8777.08708.0,388.08708.0,10012.08709.0,390.08709.0,8881.08710.0,8711.08710.0,8723.08711.0,8699.08711.0,8710.08712.0,8715.08712.0,8719.08713.0,8424.08713.0,8437.08713.0,8447.08714.0,422.08714.0,8711.08714.0,8723.08715.0,422.08715.0,8714.08715.0,8722.08716.0,8712.08716.0,8718.08717.0,76.08717.0,8724.08717.0,9335.08718.0,8697.08718.0,8716.08719.0,8712.08719.0,8718.08720.0,413.08720.0,419.08720.0,8429.08721.0,413.08721.0,8370.08722.0,422.08722.0,8715.08722.0,8719.08723.0,422.08723.0,8714.08723.0,8722.08724.0,8763.08724.0,9336.08725.0,439.08725.0,8731.08725.0,8732.08725.0,8887.08726.0,439.08726.0,8735.08727.0,439.08727.0,8450.08727.0,8732.08727.0,8772.08728.0,8726.08729.0,8727.08729.0,8728.08730.0,8898.08731.0,8804.08732.0,8725.08732.0,8727.08732.0,8728.08733.0,8732.08734.0,442.08734.0,8810.08734.0,8880.08735.0,439.08735.0,8689.08735.0,8729.08736.0,439.08736.0,8735.08737.0,434.08737.0,8725.08737.0,8730.08738.0,389.08738.0,8740.08739.0,389.08739.0,8709.08740.0,8687.08740.0,8703.08740.0,8739.08741.0,397.08741.0,9985.08742.0,7554.08743.0,67.08743.0,77.08743.0,396.08743.0,10040.08744.0,8746.08745.0,68.08745.0,7553.08746.0,7046.08746.0,9873.08747.0,68.08747.0,9360.08748.0,72.08748.0,8254.08748.0,8752.08749.0,72.08749.0,8751.08749.0,8755.08750.0,8748.08750.0,8759.08751.0,8253.08751.0,8749.08752.0,8751.08752.0,8755.08753.0,72.08753.0,8748.08753.0,8759.08754.0,1080.08755.0,8750.08755.0,8754.08756.0,8750.08757.0,11099.08758.0,9554.08758.0,9560.08759.0,72.08759.0,8753.08759.0,9594.08760.0,8248.08761.0,58.08761.0,6913.08761.0,8762.08762.0,58.08762.0,7572.08762.0,9561.08763.0,397.08763.0,9329.08763.0,9972.08764.0,362.08764.0,8292.08764.0,9369.08764.0,9372.08765.0,8273.08765.0,8364.08765.0,8366.08765.0,12969.08766.0,8701.08766.0,8769.08767.0,8766.08767.0,8812.08768.0,8767.08768.0,8815.08769.0,8768.08770.0,445.08770.0,8769.08771.0,440.08771.0,9132.08772.0,8727.08772.0,8773.08773.0,438.08773.0,2393.08773.0,8772.08773.0,8774.08774.0,438.08774.0,8773.08774.0,9134.08775.0,427.08775.0,8301.08776.0,10067.08777.0,8776.08778.0,8652.08778.0,8654.08778.0,8775.08779.0,8649.08780.0,8628.08780.0,8781.08780.0,9102.08781.0,8780.08781.0,8784.08782.0,8781.08783.0,386.08783.0,10084.08784.0,386.08784.0,8783.08785.0,386.08785.0,8780.08786.0,9124.08787.0,8646.08788.0,393.08788.0,394.08788.0,10109.08789.0,10086.08790.0,394.08790.0,8793.08791.0,395.08791.0,8797.08791.0,8817.08792.0,394.08792.0,2409.08793.0,390.08793.0,394.08793.0,8794.08793.0,8795.08794.0,390.08794.0,394.08794.0,8792.08794.0,8793.08795.0,390.08795.0,8796.08796.0,390.08796.0,8788.08796.0,8789.08796.0,8793.08797.0,395.08797.0,1055.08797.0,8791.08798.0,405.08798.0,9865.08799.0,446.08799.0,8457.08800.0,447.08800.0,8456.08800.0,9684.08801.0,405.08801.0,8802.08802.0,1036.08803.0,8692.08803.0,8693.08804.0,8689.08804.0,8725.08805.0,8809.08805.0,8878.08806.0,8893.08807.0,429.08807.0,8808.08808.0,429.08808.0,8438.08809.0,8803.08810.0,8809.08811.0,449.08811.0,8819.08812.0,445.08812.0,8813.08813.0,8874.08814.0,448.08814.0,449.08814.0,8767.08814.0,8818.08815.0,448.08815.0,449.08815.0,8814.08816.0,2397.08817.0,395.08817.0,10109.08818.0,448.08818.0,449.08818.0,8826.08819.0,449.08819.0,8811.08819.0,8820.08820.0,8821.08821.0,8819.08821.0,8828.08822.0,8828.08823.0,8822.08823.0,8863.08824.0,448.08824.0,8826.08825.0,8829.08826.0,8814.08826.0,8821.08826.0,8828.08827.0,8825.08828.0,8823.08828.0,8826.08828.0,8827.08829.0,9065.08830.0,453.08830.0,8836.08830.0,8840.08830.0,8841.08831.0,453.08831.0,8834.08831.0,8838.08832.0,454.08832.0,8837.08833.0,453.08833.0,8834.08834.0,453.08834.0,8831.08834.0,8850.08835.0,454.08835.0,2850.08836.0,453.08836.0,8850.08837.0,454.08837.0,8835.08837.0,8839.08838.0,8837.08839.0,454.08839.0,8833.08839.0,8837.08840.0,8841.08840.0,9141.08841.0,8830.08841.0,8849.08842.0,8846.08843.0,8830.08843.0,8849.08844.0,8845.08845.0,8843.08845.0,8851.08846.0,8867.08846.0,9058.08847.0,8848.08847.0,9644.08848.0,8845.08848.0,9063.08849.0,8848.08849.0,9644.08850.0,8830.08850.0,8843.08850.0,8851.08851.0,8831.08851.0,8850.08852.0,9689.08853.0,9067.08854.0,8853.08855.0,8852.08855.0,9066.08856.0,8855.08857.0,9060.08858.0,8857.08859.0,8863.08860.0,8858.08861.0,452.08861.0,455.08861.0,8871.08862.0,452.08862.0,455.08862.0,8864.08863.0,8823.08863.0,8868.08864.0,452.08864.0,455.08864.0,8865.08865.0,452.08865.0,8816.08866.0,8854.08867.0,8866.08868.0,8870.08869.0,8862.08870.0,950.08870.0,8859.08870.0,8869.08871.0,452.08871.0,8870.08872.0,8873.08872.0,8877.08873.0,8872.08873.0,8879.08874.0,8873.08875.0,444.08875.0,8872.08875.0,8879.08876.0,8766.08877.0,445.08877.0,8876.08878.0,8880.08879.0,8875.08879.0,9711.08880.0,442.08880.0,8734.08880.0,9726.08881.0,8708.08881.0,8738.08882.0,430.08882.0,8884.08883.0,8730.08884.0,430.08884.0,10076.08885.0,8796.08886.0,428.08886.0,8892.08887.0,8883.08888.0,433.08888.0,434.08888.0,8889.08888.0,8891.08889.0,433.08889.0,434.08889.0,8905.08890.0,8895.08890.0,8901.08891.0,433.08891.0,434.08891.0,8888.08891.0,8899.08892.0,428.08892.0,8432.08892.0,8896.08892.0,8903.08893.0,8902.08893.0,9056.08894.0,8892.08895.0,8890.08895.0,8904.08896.0,428.08896.0,8890.08896.0,8904.08897.0,430.08897.0,8882.08897.0,9052.08898.0,434.08898.0,8888.08899.0,8737.08900.0,8891.08901.0,8902.08901.0,9056.08902.0,8895.08902.0,8901.08903.0,428.08903.0,8892.08903.0,8900.08904.0,428.08904.0,8896.08904.0,8903.08905.0,8894.08906.0,245.08906.0,7637.08907.0,249.08907.0,8952.08908.0,249.08908.0,8907.08909.0,7730.08909.0,8912.08910.0,246.08910.0,8908.08910.0,8911.08911.0,8910.08911.0,9522.08912.0,9733.08913.0,8909.08914.0,258.08914.0,259.08914.0,8917.08914.0,8930.08915.0,257.08915.0,8918.08915.0,8920.08916.0,258.08916.0,259.08916.0,8914.08916.0,8929.08917.0,258.08917.0,259.08917.0,9768.08918.0,3564.08919.0,2827.08920.0,8919.08921.0,8918.08921.0,8920.08922.0,257.08922.0,8915.08922.0,8916.08923.0,8919.08923.0,10844.08924.0,8930.08924.0,9509.08925.0,188.08925.0,8464.08925.0,8926.08925.0,8928.08926.0,187.08926.0,188.08926.0,8491.08926.0,8925.08927.0,10846.08928.0,7618.08929.0,7646.08929.0,8916.08930.0,8914.08930.0,8929.08931.0,187.08931.0,188.08931.0,9147.08932.0,187.08932.0,188.08932.0,8491.08933.0,11163.08934.0,298.08934.0,7789.08934.0,8939.08935.0,295.08935.0,9158.08936.0,295.08936.0,7895.08937.0,297.08937.0,7891.08937.0,9669.08938.0,297.08938.0,8940.08938.0,8942.08939.0,298.08939.0,7897.08940.0,297.08940.0,3553.08941.0,8943.08942.0,297.08942.0,8937.08943.0,8940.08943.0,8942.08944.0,324.08944.0,9226.08945.0,332.08945.0,3936.08945.0,8570.08945.0,8944.08945.0,9249.08946.0,324.08946.0,328.08946.0,8945.08947.0,236.08947.0,8948.08947.0,9221.08947.0,9515.08948.0,2701.08949.0,249.08949.0,8911.08950.0,335.08950.0,8960.08950.0,9238.08951.0,8953.08951.0,8967.08952.0,249.08952.0,10856.08953.0,8950.08953.0,8951.08954.0,248.08954.0,7687.08954.0,8957.08955.0,248.08955.0,8954.08955.0,8957.08956.0,248.08956.0,8958.08956.0,8959.08957.0,7691.08957.0,8956.08958.0,7686.08958.0,8955.08959.0,7667.08959.0,8958.08960.0,335.08960.0,8950.08960.0,8951.08961.0,8965.08962.0,8590.08962.0,9159.08963.0,318.08963.0,9186.08964.0,8571.08964.0,8962.08965.0,8572.08965.0,8964.08965.0,8966.08966.0,8576.08966.0,8965.08967.0,8964.08967.0,8966.08968.0,8145.08969.0,8968.08970.0,9031.08971.0,8973.08971.0,8975.08972.0,8970.08972.0,10136.08973.0,8025.08973.0,8979.08974.0,8973.08974.0,8975.08975.0,8974.08975.0,8977.08976.0,8974.08976.0,8977.08977.0,8605.08977.0,8976.08978.0,8609.08979.0,8978.08979.0,8980.08980.0,8971.08980.0,9254.08981.0,381.08981.0,382.08981.0,9088.08982.0,7999.08982.0,8000.08982.0,8986.08983.0,8318.08984.0,8007.08984.0,8985.08985.0,8984.08985.0,8992.08986.0,284.08986.0,8982.08986.0,8988.08987.0,284.08987.0,8982.08987.0,8986.08987.0,8989.08988.0,284.08988.0,8986.08988.0,8989.08988.0,8991.08989.0,284.08989.0,8987.08989.0,8990.08990.0,8989.08990.0,8997.08991.0,8994.08992.0,8000.08993.0,352.08993.0,9951.08994.0,8988.08994.0,8995.08994.0,8997.08995.0,8994.08996.0,8995.08997.0,8019.08997.0,8990.08997.0,8996.08998.0,307.08998.0,1041.08998.0,9004.08999.0,307.08999.0,8620.09000.0,307.09000.0,8999.09001.0,9007.09001.0,12256.09002.0,9756.09002.0,9763.09003.0,9002.09004.0,9000.09004.0,9003.09005.0,9003.09006.0,9005.09007.0,7804.09007.0,12251.09008.0,268.09008.0,277.09008.0,9019.09008.0,9023.09009.0,9590.09010.0,268.09010.0,9625.09011.0,9014.09012.0,9011.09012.0,9016.09013.0,9400.09013.0,9931.09014.0,267.09014.0,9012.09014.0,9627.09015.0,268.09015.0,9024.09015.0,9025.09016.0,277.09016.0,9012.09016.0,9017.09017.0,268.09017.0,277.09017.0,9008.09017.0,9018.09018.0,268.09018.0,277.09018.0,9016.09018.0,9017.09019.0,277.09019.0,9008.09019.0,9018.09020.0,9015.09020.0,9022.09021.0,9022.09022.0,9020.09022.0,9391.09023.0,9024.09023.0,9025.09024.0,9019.09024.0,9023.09025.0,9015.09025.0,9021.09026.0,8192.09026.0,9027.09026.0,10068.09027.0,9031.09028.0,366.09028.0,9029.09029.0,366.09029.0,7996.09029.0,9031.09029.0,9040.09030.0,3601.09031.0,8972.09031.0,9026.09031.0,9028.09031.0,9034.09032.0,369.09032.0,9030.09032.0,9035.09032.0,9036.09033.0,369.09033.0,9038.09034.0,9038.09035.0,366.09035.0,369.09035.0,9029.09035.0,9032.09035.0,9036.09035.0,9038.09036.0,369.09036.0,9032.09036.0,9035.09036.0,9039.09037.0,9038.09038.0,9031.09038.0,9035.09038.0,9098.09038.0,10140.09039.0,369.09039.0,9099.09040.0,366.09040.0,9035.09041.0,63.09041.0,9045.09041.0,10063.09042.0,7076.09043.0,63.09043.0,64.09043.0,9044.09043.0,9046.09044.0,64.09044.0,7074.09044.0,9043.09044.0,9047.09045.0,63.09045.0,9043.09046.0,63.09046.0,64.09046.0,9041.09047.0,64.09047.0,3587.09048.0,9051.09049.0,8897.09049.0,9052.09050.0,9057.09051.0,9053.09052.0,8430.09053.0,442.09053.0,9057.09053.0,9714.09054.0,8656.09054.0,8893.09055.0,9049.09056.0,8444.09056.0,9054.09057.0,442.09057.0,9053.09057.0,9055.09058.0,4136.09058.0,8846.09059.0,450.09059.0,456.09059.0,9141.09060.0,9058.09061.0,3559.09061.0,9062.09062.0,9061.09062.0,9063.09063.0,8844.09063.0,9062.09064.0,450.09064.0,456.09064.0,8462.09065.0,9637.09065.0,9640.09066.0,8824.09066.0,9065.09067.0,8852.09067.0,9066.09068.0,243.09068.0,9070.09068.0,9075.09069.0,9071.09070.0,243.09070.0,7634.09070.0,9068.09071.0,7629.09071.0,9752.09072.0,9082.09072.0,9511.09073.0,244.09073.0,9072.09074.0,244.09074.0,9077.09075.0,7636.09075.0,9080.09075.0,9081.09076.0,244.09076.0,9073.09077.0,244.09077.0,9078.09077.0,9081.09078.0,244.09078.0,9076.09078.0,9077.09079.0,9078.09080.0,9070.09080.0,9075.09081.0,9079.09081.0,9080.09082.0,9072.09082.0,9074.09083.0,344.09083.0,9092.09084.0,382.09084.0,383.09084.0,9087.09084.0,9089.09085.0,381.09085.0,383.09085.0,8644.09085.0,9097.09086.0,384.09086.0,8592.09086.0,8640.09086.0,9093.09087.0,382.09087.0,9084.09087.0,9085.09088.0,382.09088.0,9087.09088.0,9089.09088.0,9096.09089.0,9088.09089.0,9090.09089.0,9091.09090.0,8560.09090.0,9095.09091.0,383.09091.0,7974.09091.0,9089.09092.0,323.09092.0,344.09092.0,8558.09092.0,8568.09093.0,380.09093.0,8040.09093.0,9086.09093.0,9094.09094.0,380.09094.0,9093.09094.0,9280.09095.0,8557.09095.0,9083.09096.0,9189.09097.0,9084.09097.0,9085.09098.0,9099.09099.0,9033.09099.0,9036.09099.0,9101.09100.0,378.09100.0,8781.09101.0,9099.09101.0,9289.09102.0,378.09102.0,9575.09103.0,354.09103.0,359.09103.0,9486.09103.0,9487.09104.0,8164.09104.0,8225.09105.0,415.09105.0,7560.09106.0,415.09106.0,9104.09107.0,415.09107.0,9106.09108.0,359.09108.0,3584.09108.0,9993.09109.0,354.09109.0,9108.09110.0,8345.09110.0,9109.09110.0,9487.09111.0,343.09111.0,9112.09112.0,343.09112.0,1052.09113.0,340.09113.0,9116.09114.0,9115.09115.0,340.09115.0,9111.09115.0,9116.09115.0,9367.09116.0,340.09116.0,7817.09116.0,7950.09116.0,7970.09116.0,9115.09117.0,7945.09118.0,7954.09118.0,7970.09118.0,9367.09119.0,9118.09120.0,404.09120.0,9658.09121.0,9122.09121.0,9127.09122.0,8340.09122.0,9127.09122.0,9658.09122.0,9834.09123.0,404.09123.0,406.09123.0,9122.09124.0,3876.09124.0,9573.09125.0,9121.09125.0,9126.09126.0,9125.09126.0,9352.09127.0,9121.09127.0,9126.09128.0,8796.09129.0,438.09129.0,8740.09130.0,8774.09131.0,438.09131.0,8773.09132.0,440.09132.0,9133.09133.0,8771.09133.0,9134.09134.0,9130.09134.0,9133.09135.0,414.09135.0,8335.09135.0,8349.09135.0,9140.09136.0,414.09136.0,9139.09137.0,8408.09138.0,399.09138.0,8403.09138.0,8406.09138.0,8407.09139.0,414.09139.0,8363.09139.0,9135.09140.0,414.09140.0,9139.09141.0,450.09141.0,456.09141.0,8840.09141.0,9142.09142.0,450.09142.0,456.09142.0,9064.09143.0,454.09143.0,456.09143.0,8839.09144.0,7624.09145.0,2118.09146.0,190.09146.0,8932.09147.0,190.09147.0,7619.09148.0,296.09148.0,9157.09149.0,7887.09150.0,294.09150.0,8936.09150.0,9152.09151.0,296.09151.0,3948.09152.0,294.09152.0,9150.09152.0,9155.09153.0,290.09153.0,3555.09154.0,8941.09155.0,294.09155.0,9157.09155.0,9667.09156.0,296.09156.0,9148.09156.0,9151.09157.0,294.09157.0,9150.09157.0,9155.09157.0,9156.09158.0,9152.09159.0,8953.09159.0,8967.09160.0,9166.09161.0,8550.09161.0,8554.09161.0,9160.09161.0,9164.09162.0,9161.09163.0,334.09163.0,9235.09164.0,9161.09164.0,9165.09165.0,8585.09166.0,314.09166.0,9162.09166.0,9168.09167.0,314.09167.0,7812.09167.0,7813.09167.0,9168.09168.0,314.09168.0,9166.09168.0,9167.09169.0,9172.09169.0,9808.09170.0,9169.09171.0,9173.09171.0,9174.09172.0,9169.09172.0,9171.09173.0,9171.09173.0,9176.09174.0,9175.09174.0,9234.09175.0,9173.09175.0,9174.09176.0,9170.09177.0,9497.09178.0,293.09178.0,9501.09179.0,9181.09180.0,3556.09181.0,9180.09182.0,9177.09183.0,9182.09184.0,293.09184.0,9178.09185.0,318.09185.0,9187.09186.0,318.09186.0,3938.09186.0,9187.09187.0,9186.09187.0,9245.09187.0,9249.09188.0,8562.09188.0,9189.09189.0,8981.09189.0,9188.09190.0,9196.09191.0,280.09191.0,10128.09192.0,10124.09192.0,10125.09193.0,280.09193.0,9191.09194.0,7869.09194.0,9195.09195.0,274.09195.0,9196.09195.0,12432.09196.0,274.09196.0,7869.09196.0,9195.09197.0,8084.09197.0,9202.09198.0,7928.09198.0,9197.09199.0,8077.09199.0,9198.09199.0,9201.09200.0,9203.09201.0,8176.09201.0,9199.09201.0,9626.09202.0,9201.09203.0,8126.09203.0,9219.09204.0,9214.09205.0,9206.09206.0,80.09206.0,8178.09206.0,9209.09206.0,9904.09207.0,81.09207.0,8174.09207.0,9206.09207.0,9208.09208.0,81.09208.0,8173.09208.0,9207.09208.0,9544.09209.0,80.09209.0,9206.09209.0,9208.09209.0,9558.09210.0,8133.09210.0,8168.09210.0,8170.09210.0,9217.09211.0,8127.09211.0,9933.09212.0,9210.09212.0,9217.09213.0,9211.09213.0,9933.09214.0,9212.09215.0,9908.09216.0,8115.09217.0,9212.09217.0,9216.09218.0,7925.09219.0,7522.09219.0,9203.09219.0,9218.09220.0,236.09220.0,325.09220.0,9221.09221.0,325.09221.0,8947.09221.0,9227.09221.0,9463.09222.0,253.09222.0,9224.09222.0,9225.09223.0,242.09223.0,9231.09223.0,9429.09224.0,253.09224.0,3632.09224.0,7724.09224.0,9222.09225.0,241.09225.0,9433.09226.0,325.09226.0,9221.09227.0,325.09227.0,8946.09228.0,241.09228.0,9224.09229.0,241.09229.0,9228.09230.0,9229.09231.0,242.09231.0,9223.09231.0,9233.09232.0,242.09232.0,9230.09233.0,242.09233.0,9232.09233.0,9433.09234.0,334.09234.0,9235.09234.0,9250.09235.0,334.09235.0,1044.09235.0,9175.09235.0,9234.09236.0,335.09236.0,9237.09236.0,9242.09237.0,9236.09237.0,9239.09238.0,335.09238.0,9236.09238.0,9239.09239.0,335.09239.0,8960.09239.0,9238.09240.0,9237.09240.0,9241.09241.0,9240.09241.0,9248.09242.0,9241.09243.0,319.09243.0,9246.09244.0,319.09244.0,2333.09244.0,9243.09245.0,9187.09245.0,9246.09245.0,9249.09246.0,9244.09246.0,9245.09247.0,334.09247.0,9235.09248.0,9247.09248.0,9250.09249.0,8945.09249.0,9245.09250.0,9240.09250.0,9248.09251.0,9272.09252.0,7885.09252.0,8971.09253.0,9251.09253.0,9255.09254.0,9252.09254.0,9253.09255.0,9252.09255.0,9253.09256.0,9471.09257.0,9263.09258.0,3879.09258.0,9261.09258.0,9262.09259.0,9271.09260.0,9270.09260.0,9276.09261.0,3879.09261.0,9265.09261.0,9273.09262.0,9269.09263.0,9256.09263.0,9260.09264.0,291.09264.0,9274.09265.0,9258.09265.0,9261.09266.0,291.09266.0,9255.09266.0,9272.09267.0,9537.09268.0,9267.09269.0,9955.09270.0,8616.09271.0,9265.09272.0,7944.09272.0,9259.09272.0,9274.09273.0,9264.09274.0,9266.09275.0,9263.09275.0,9268.09276.0,7957.09276.0,9275.09277.0,342.09277.0,345.09277.0,9292.09277.0,9295.09278.0,342.09278.0,345.09278.0,9293.09278.0,9294.09279.0,9283.09279.0,9291.09280.0,9094.09280.0,9279.09281.0,9287.09282.0,375.09282.0,9284.09283.0,9279.09283.0,9280.09284.0,9289.09284.0,9939.09285.0,336.09285.0,8610.09285.0,9288.09286.0,336.09286.0,7950.09286.0,9285.09287.0,336.09287.0,7809.09287.0,9286.09288.0,9286.09288.0,9287.09289.0,8645.09289.0,9101.09289.0,9284.09289.0,9579.09290.0,9283.09290.0,9291.09291.0,9290.09291.0,9952.09292.0,342.09292.0,345.09292.0,9277.09292.0,9945.09293.0,342.09293.0,345.09293.0,9292.09293.0,9295.09294.0,342.09294.0,9278.09294.0,9948.09295.0,9293.09295.0,9294.09296.0,9438.09297.0,8511.09298.0,9422.09299.0,9297.09299.0,9303.09299.0,9456.09299.0,9458.09300.0,7761.09300.0,8597.09300.0,9301.09300.0,9466.09301.0,9300.09301.0,9302.09301.0,9466.09302.0,9301.09302.0,9303.09303.0,9299.09303.0,9302.09304.0,7864.09305.0,276.09305.0,9307.09305.0,9310.09306.0,273.09306.0,9307.09307.0,9194.09307.0,9305.09308.0,275.09308.0,9388.09309.0,273.09309.0,9306.09310.0,273.09310.0,7855.09311.0,78.09311.0,9312.09311.0,9545.09311.0,9557.09312.0,78.09312.0,8060.09312.0,9538.09312.0,11342.09313.0,9323.09313.0,9910.09314.0,9316.09314.0,9321.09315.0,9316.09315.0,9321.09316.0,9315.09316.0,9927.09317.0,69.09317.0,9322.09317.0,9325.09318.0,69.09318.0,9313.09318.0,9317.09319.0,69.09319.0,9318.09320.0,9326.09321.0,9314.09321.0,9320.09322.0,9314.09322.0,9326.09323.0,8171.09323.0,9213.09323.0,9324.09324.0,9313.09324.0,9317.09325.0,8285.09325.0,9319.09326.0,9322.09326.0,9325.09327.0,360.09327.0,9330.09327.0,9377.09328.0,9339.09328.0,9342.09329.0,397.09329.0,8763.09329.0,9336.09330.0,360.09330.0,9327.09330.0,9338.09330.0,9343.09331.0,360.09331.0,9330.09331.0,9338.09332.0,421.09332.0,8290.09332.0,9341.09333.0,8242.09334.0,9973.09335.0,76.09335.0,8717.09335.0,9340.09336.0,8724.09336.0,9335.09337.0,9334.09338.0,360.09338.0,9345.09339.0,9328.09339.0,9333.09340.0,76.09340.0,9339.09340.0,9342.09341.0,421.09341.0,9343.09342.0,76.09342.0,8717.09342.0,9340.09343.0,9331.09343.0,9344.09344.0,9332.09345.0,8353.09346.0,9110.09347.0,9327.09348.0,8333.09348.0,9349.09349.0,9348.09349.0,9659.09350.0,9349.09351.0,9348.09351.0,9659.09352.0,9351.09352.0,9358.09353.0,402.09353.0,9357.09354.0,9353.09355.0,8406.09356.0,399.09356.0,3592.09357.0,400.09357.0,402.09357.0,8379.09358.0,9125.09358.0,9352.09359.0,67.09359.0,9968.09360.0,66.09360.0,68.09360.0,9647.09361.0,68.09361.0,8745.09362.0,384.09362.0,9366.09362.0,9578.09363.0,9362.09364.0,9086.09364.0,9570.09365.0,9363.09365.0,9364.09366.0,9362.09366.0,9365.09367.0,9114.09367.0,9118.09367.0,9941.09367.0,9946.09368.0,9375.09368.0,9386.09368.0,9495.09369.0,361.09369.0,9371.09370.0,9378.09371.0,361.09371.0,8764.09371.0,9375.09372.0,362.09372.0,9330.09372.0,9377.09373.0,8439.09373.0,9370.09373.0,9374.09374.0,8436.09374.0,9373.09374.0,9384.09375.0,361.09375.0,9368.09375.0,9379.09376.0,362.09376.0,8764.09376.0,9372.09377.0,362.09377.0,9376.09377.0,9484.09378.0,361.09378.0,9371.09378.0,9379.09379.0,361.09379.0,9374.09379.0,9378.09380.0,9109.09380.0,9110.09381.0,8641.09382.0,391.09382.0,8659.09383.0,391.09383.0,8661.09384.0,9374.09384.0,9385.09384.0,9387.09385.0,9384.09385.0,9482.09386.0,9368.09386.0,9384.09386.0,9481.09387.0,9386.09388.0,9390.09389.0,267.09389.0,9394.09389.0,9412.09390.0,3602.09390.0,9392.09391.0,9304.09391.0,9390.09392.0,9393.09392.0,9399.09393.0,9020.09393.0,9391.09394.0,267.09394.0,9014.09394.0,9627.09395.0,9408.09396.0,9395.09397.0,7545.09397.0,9406.09398.0,9395.09398.0,9397.09399.0,9402.09400.0,353.09400.0,8325.09400.0,9409.09401.0,3604.09401.0,9398.09402.0,9401.09403.0,9405.09404.0,9610.09405.0,9396.09406.0,9404.09406.0,9405.09407.0,9411.09408.0,9401.09408.0,9407.09409.0,353.09409.0,9931.09410.0,9393.09411.0,9410.09412.0,9394.09412.0,9590.09413.0,9417.09414.0,9417.09414.0,9432.09415.0,1058.09415.0,7717.09416.0,9461.09416.0,9732.09417.0,9414.09417.0,9750.09418.0,9420.09418.0,9478.09419.0,9425.09420.0,9416.09420.0,9418.09421.0,230.09421.0,245.09421.0,9420.09422.0,9426.09423.0,234.09423.0,9681.09424.0,9414.09425.0,9428.09426.0,9415.09427.0,9436.09428.0,9296.09429.0,9434.09430.0,327.09430.0,1057.09431.0,327.09431.0,9413.09432.0,327.09432.0,3631.09432.0,9430.09433.0,9223.09433.0,9233.09433.0,9439.09434.0,9740.09435.0,9298.09435.0,9438.09436.0,9435.09437.0,7777.09437.0,9436.09438.0,9437.09439.0,9440.09440.0,241.09440.0,7657.09440.0,9433.09441.0,232.09441.0,9451.09442.0,232.09442.0,7610.09442.0,9441.09442.0,9446.09443.0,261.09443.0,9452.09444.0,8487.09445.0,9444.09446.0,232.09446.0,9445.09447.0,7609.09447.0,9453.09448.0,8947.09449.0,8514.09450.0,232.09450.0,9442.09451.0,9453.09452.0,9442.09453.0,2306.09453.0,8515.09453.0,9447.09453.0,9450.09454.0,9455.09455.0,9460.09455.0,9466.09456.0,235.09456.0,9464.09457.0,235.09457.0,9299.09458.0,7658.09459.0,3644.09459.0,9731.09460.0,8510.09461.0,8906.09461.0,9416.09461.0,9418.09462.0,9461.09463.0,8512.09464.0,235.09464.0,8507.09465.0,9423.09466.0,9300.09466.0,9302.09466.0,9455.09466.0,9465.09467.0,9260.09468.0,9523.09469.0,245.09469.0,9421.09470.0,9523.09471.0,9470.09472.0,9475.09472.0,9479.09473.0,7683.09473.0,9474.09473.0,9477.09474.0,3635.09474.0,9473.09475.0,9472.09475.0,9516.09476.0,9474.09476.0,9477.09477.0,7704.09477.0,9480.09478.0,245.09478.0,9708.09479.0,1038.09479.0,9476.09480.0,9475.09480.0,9479.09481.0,9386.09481.0,9482.09481.0,9896.09481.0,9898.09482.0,7504.09482.0,9481.09482.0,9483.09483.0,7497.09483.0,9891.09484.0,362.09484.0,9496.09485.0,354.09485.0,9487.09485.0,9488.09485.0,9492.09486.0,8439.09487.0,9110.09487.0,9485.09487.0,9486.09488.0,354.09488.0,8267.09488.0,9485.09488.0,9493.09489.0,9496.09490.0,363.09490.0,9481.09491.0,9492.09491.0,9494.09491.0,9496.09492.0,9485.09492.0,9489.09492.0,9491.09493.0,9488.09493.0,9495.09494.0,9491.09494.0,9493.09494.0,9495.09495.0,9368.09495.0,9493.09495.0,9494.09495.0,9898.09496.0,9376.09496.0,9491.09496.0,9492.09497.0,9184.09497.0,12293.09498.0,293.09498.0,9499.09499.0,293.09499.0,12295.09500.0,293.09500.0,9184.09500.0,12293.09501.0,9504.09502.0,9503.09503.0,9498.09503.0,11834.09504.0,9664.09505.0,9508.09505.0,9729.09506.0,8927.09507.0,9082.09507.0,9511.09508.0,9505.09508.0,9734.09509.0,258.09509.0,259.09509.0,9506.09509.0,9513.09510.0,8521.09510.0,9512.09511.0,9510.09511.0,9748.09512.0,9507.09512.0,9709.09513.0,10838.09514.0,9506.09514.0,9513.09515.0,7602.09516.0,9519.09516.0,9520.09517.0,7731.09517.0,8910.09517.0,9522.09518.0,250.09518.0,9519.09519.0,7666.09519.0,9472.09519.0,9516.09520.0,250.09520.0,9517.09521.0,250.09521.0,9518.09522.0,9517.09522.0,9521.09523.0,9467.09523.0,9762.09524.0,9257.09525.0,9533.09525.0,9536.09526.0,8631.09527.0,9528.09527.0,9812.09528.0,9527.09528.0,9536.09529.0,9963.09530.0,9525.09530.0,9529.09531.0,8031.09531.0,9530.09532.0,9531.09532.0,9535.09533.0,9528.09534.0,9525.09534.0,9533.09535.0,9524.09536.0,9531.09536.0,9535.09537.0,9532.09538.0,78.09538.0,9312.09538.0,9546.09539.0,9540.09540.0,8055.09540.0,9548.09540.0,9552.09541.0,8062.09541.0,9549.09541.0,9552.09542.0,54.09542.0,9550.09542.0,9557.09542.0,9565.09542.0,9568.09543.0,8248.09544.0,78.09544.0,9545.09545.0,9208.09545.0,9311.09545.0,9558.09546.0,78.09546.0,9545.09547.0,9551.09547.0,9556.09547.0,9566.09548.0,9560.09549.0,9547.09549.0,9553.09550.0,54.09550.0,9542.09550.0,9563.09550.0,9565.09551.0,54.09551.0,9550.09552.0,7576.09552.0,9540.09552.0,9541.09553.0,9549.09553.0,9552.09554.0,9539.09555.0,79.09555.0,9209.09556.0,9557.09557.0,8249.09557.0,9542.09557.0,9547.09558.0,79.09558.0,9555.09558.0,9567.09558.0,9568.09559.0,8758.09559.0,9569.09560.0,9559.09560.0,9564.09561.0,58.09561.0,8762.09561.0,9562.09562.0,58.09562.0,9543.09563.0,54.09563.0,9550.09563.0,9566.09564.0,54.09564.0,9563.09564.0,9565.09565.0,9542.09565.0,9559.09565.0,9564.09566.0,9547.09566.0,9553.09567.0,79.09567.0,8250.09567.0,9597.09568.0,79.09568.0,9311.09568.0,9542.09568.0,9558.09569.0,79.09569.0,9567.09569.0,9568.09570.0,9363.09570.0,9364.09571.0,378.09571.0,385.09571.0,9580.09571.0,9588.09572.0,9100.09572.0,9575.09573.0,385.09573.0,9124.09573.0,9585.09573.0,9587.09574.0,374.09574.0,9289.09575.0,9572.09575.0,9577.09576.0,9581.09576.0,9583.09577.0,8635.09577.0,9576.09578.0,9582.09578.0,9586.09579.0,374.09579.0,9937.09580.0,9572.09580.0,9577.09581.0,9571.09581.0,9580.09582.0,9366.09582.0,9578.09583.0,9582.09583.0,9586.09584.0,378.09584.0,385.09584.0,9589.09585.0,9573.09586.0,9581.09586.0,9583.09587.0,385.09587.0,9589.09588.0,378.09588.0,9571.09588.0,9589.09589.0,385.09589.0,9573.09589.0,9584.09589.0,9588.09590.0,9412.09590.0,9599.09590.0,9605.09591.0,8753.09591.0,9594.09592.0,9593.09592.0,11085.09593.0,9771.09594.0,9600.09594.0,9602.09595.0,1080.09595.0,8756.09596.0,8250.09596.0,9597.09597.0,9596.09597.0,9601.09598.0,9599.09599.0,7852.09599.0,9590.09599.0,11090.09600.0,9596.09600.0,9601.09601.0,9600.09601.0,9602.09602.0,9591.09602.0,9608.09603.0,80.09603.0,9607.09604.0,60.09604.0,62.09604.0,9870.09604.0,10141.09605.0,9592.09606.0,9599.09606.0,9605.09607.0,9591.09607.0,9608.09608.0,9607.09608.0,9901.09609.0,9606.09610.0,9612.09610.0,9620.09611.0,8143.09611.0,9631.09612.0,8175.09612.0,9611.09613.0,272.09613.0,9612.09614.0,9625.09614.0,9633.09615.0,9613.09616.0,267.09616.0,7914.09616.0,9389.09617.0,9616.09618.0,7826.09618.0,9935.09619.0,9618.09620.0,9623.09621.0,9624.09621.0,9634.09622.0,9621.09623.0,272.09623.0,9615.09623.0,9629.09624.0,9625.09624.0,9635.09625.0,9614.09625.0,9632.09626.0,269.09626.0,7918.09626.0,9636.09627.0,9616.09627.0,9622.09628.0,9618.09628.0,9630.09629.0,7832.09629.0,9619.09630.0,9615.09630.0,9629.09631.0,269.09631.0,9626.09631.0,9632.09632.0,269.09632.0,8143.09632.0,9631.09633.0,7910.09633.0,9635.09634.0,9617.09635.0,7910.09635.0,9624.09635.0,9634.09636.0,269.09636.0,9614.09637.0,8860.09637.0,9067.09638.0,451.09638.0,8847.09639.0,9645.09640.0,451.09640.0,9638.09640.0,9645.09641.0,451.09641.0,9645.09642.0,451.09642.0,9637.09643.0,9639.09644.0,8847.09644.0,9643.09645.0,451.09645.0,9640.09645.0,9641.09645.0,9642.09646.0,400.09646.0,9655.09647.0,67.09647.0,9359.09648.0,9361.09649.0,8332.09649.0,8336.09649.0,9652.09650.0,8670.09650.0,9659.09650.0,9660.09651.0,9649.09652.0,8435.09653.0,398.09653.0,7555.09654.0,3785.09654.0,9662.09655.0,402.09655.0,8434.09656.0,9654.09657.0,8401.09658.0,404.09658.0,406.09658.0,8675.09658.0,9123.09658.0,9661.09659.0,9351.09659.0,9358.09659.0,9650.09660.0,404.09660.0,8674.09660.0,9650.09660.0,9661.09661.0,404.09661.0,8673.09661.0,9658.09661.0,9660.09662.0,9657.09663.0,9502.09664.0,9665.09665.0,9157.09665.0,9667.09666.0,294.09666.0,9663.09666.0,9665.09667.0,7891.09667.0,9668.09668.0,9666.09669.0,9668.09670.0,290.09670.0,9153.09670.0,9829.09671.0,9935.09672.0,9671.09672.0,10101.09673.0,234.09673.0,7721.09673.0,9681.09673.0,9738.09674.0,9676.09674.0,9679.09675.0,381.09675.0,384.09675.0,2360.09675.0,8640.09676.0,9677.09676.0,9744.09677.0,9676.09677.0,9679.09678.0,234.09678.0,9673.09678.0,9680.09679.0,9674.09679.0,9678.09680.0,234.09680.0,9674.09680.0,9678.09681.0,234.09681.0,9466.09681.0,9673.09681.0,9680.09682.0,9677.09683.0,9690.09683.0,9695.09684.0,447.09684.0,8800.09684.0,9685.09684.0,9692.09685.0,447.09685.0,9684.09685.0,9687.09686.0,8855.09686.0,9698.09687.0,9686.09687.0,9688.09688.0,447.09688.0,9684.09688.0,9687.09689.0,9686.09689.0,9688.09690.0,443.09690.0,9696.09690.0,10047.09691.0,9683.09692.0,9691.09692.0,9693.09693.0,9685.09693.0,9692.09694.0,9693.09695.0,9683.09695.0,9694.09696.0,443.09696.0,9690.09696.0,9695.09697.0,8434.09698.0,9704.09699.0,9705.09700.0,9699.09700.0,9701.09701.0,9700.09701.0,9703.09702.0,9700.09702.0,9703.09703.0,9702.09703.0,9718.09704.0,9701.09705.0,448.09705.0,8856.09706.0,8470.09707.0,231.09707.0,9507.09708.0,9707.09708.0,9709.09709.0,9469.09709.0,9708.09710.0,9057.09710.0,9714.09711.0,9702.09711.0,9718.09712.0,9720.09712.0,9862.09713.0,444.09713.0,9716.09713.0,9717.09714.0,8734.09714.0,9726.09715.0,8875.09715.0,9711.09716.0,444.09716.0,9715.09716.0,9721.09717.0,9713.09717.0,9854.09718.0,9716.09718.0,9717.09719.0,416.09719.0,10011.09720.0,9697.09720.0,9712.09721.0,444.09721.0,9728.09722.0,444.09722.0,9715.09723.0,9722.09724.0,407.09724.0,9867.09725.0,9710.09725.0,9859.09726.0,9723.09726.0,9725.09727.0,9725.09728.0,9727.09729.0,9730.09730.0,9231.09730.0,9740.09731.0,9508.09731.0,9730.09732.0,9733.09732.0,9739.09733.0,8913.09733.0,9461.09733.0,9732.09734.0,8508.09734.0,9735.09734.0,9742.09735.0,9505.09735.0,9734.09736.0,9681.09736.0,9738.09737.0,9735.09738.0,9736.09738.0,9737.09739.0,9459.09739.0,9731.09740.0,9733.09740.0,9739.09741.0,9736.09742.0,9741.09743.0,10835.09744.0,7766.09744.0,9745.09745.0,9424.09745.0,9750.09746.0,9794.09747.0,9510.09747.0,9748.09748.0,9071.09748.0,9752.09749.0,9682.09749.0,9744.09750.0,7708.09750.0,9749.09751.0,257.09751.0,9743.09752.0,9754.09752.0,9766.09753.0,8922.09754.0,9747.09755.0,261.09755.0,9754.09756.0,9957.09757.0,9769.09758.0,9760.09759.0,9468.09760.0,9761.09760.0,9764.09761.0,9764.09761.0,9798.09762.0,9804.09763.0,9756.09763.0,9795.09764.0,8998.09764.0,9763.09765.0,9755.09766.0,8924.09767.0,9758.09768.0,9765.09769.0,7870.09770.0,7848.09770.0,9775.09771.0,9609.09772.0,9777.09773.0,9780.09774.0,9779.09775.0,9780.09775.0,12601.09776.0,7859.09776.0,9774.09777.0,9776.09778.0,7857.09778.0,7858.09778.0,9770.09779.0,9777.09779.0,9787.09780.0,9193.09780.0,9778.09781.0,61.09781.0,6922.09782.0,280.09782.0,9778.09783.0,9786.09784.0,9785.09784.0,12523.09785.0,9772.09785.0,9784.09786.0,61.09786.0,6926.09786.0,7076.09786.0,9871.09787.0,9784.09788.0,9757.09788.0,9793.09789.0,300.09789.0,7896.09790.0,302.09790.0,9791.09790.0,9811.09791.0,302.09791.0,9788.09791.0,9790.09792.0,9804.09792.0,9812.09793.0,9757.09793.0,9761.09794.0,9795.09794.0,9801.09795.0,9797.09795.0,9798.09796.0,9759.09796.0,9804.09797.0,9793.09797.0,9800.09798.0,9793.09798.0,9797.09799.0,302.09799.0,3624.09799.0,9805.09800.0,9790.09801.0,9797.09801.0,9800.09802.0,1053.09803.0,300.09803.0,9789.09803.0,9806.09804.0,9792.09804.0,9796.09804.0,9810.09805.0,9791.09805.0,9811.09806.0,9799.09807.0,9789.09808.0,9802.09808.0,9809.09809.0,7874.09809.0,9172.09809.0,9808.09810.0,9799.09810.0,9807.09811.0,9796.09811.0,9810.09812.0,9527.09812.0,9792.09813.0,60.09813.0,9818.09814.0,8411.09814.0,8416.09814.0,8423.09815.0,9814.09815.0,10024.09816.0,9821.09816.0,9824.09817.0,9820.09818.0,9823.09819.0,60.09819.0,9813.09819.0,10137.09820.0,60.09820.0,9819.09821.0,9816.09821.0,9827.09822.0,368.09822.0,8300.09822.0,9101.09823.0,9821.09824.0,9817.09825.0,59.09825.0,8237.09825.0,9816.09825.0,9827.09826.0,368.09826.0,9822.09826.0,10116.09827.0,59.09827.0,8244.09827.0,9825.09827.0,11080.09828.0,9834.09829.0,290.09829.0,9831.09829.0,9934.09830.0,289.09830.0,7940.09830.0,9833.09831.0,290.09831.0,9830.09832.0,3550.09833.0,290.09833.0,9829.09834.0,9122.09834.0,9858.09835.0,8071.09835.0,9843.09836.0,7829.09836.0,10114.09837.0,9838.09837.0,9841.09838.0,9832.09839.0,7920.09839.0,9838.09840.0,8109.09841.0,7920.09841.0,9845.09842.0,9844.09843.0,9842.09843.0,9847.09844.0,10105.09845.0,9846.09846.0,9840.09846.0,9844.09847.0,9840.09848.0,10048.09849.0,9713.09850.0,9849.09850.0,9853.09851.0,406.09851.0,9869.09852.0,406.09852.0,9866.09853.0,9848.09853.0,9850.09854.0,9849.09854.0,9853.09855.0,9857.09855.0,9860.09856.0,9720.09856.0,9862.09857.0,9855.09857.0,10046.09858.0,9851.09858.0,9866.09859.0,9857.09860.0,9710.09861.0,9856.09861.0,9864.09862.0,9856.09862.0,9864.09863.0,9828.09863.0,9858.09864.0,9828.09864.0,9861.09864.0,9863.09865.0,9861.09865.0,9863.09866.0,8801.09866.0,9865.09867.0,407.09867.0,9852.09867.0,9868.09868.0,407.09868.0,4108.09868.0,9867.09869.0,406.09869.0,9868.09870.0,62.09870.0,3646.09870.0,9604.09870.0,9872.09870.0,9874.09871.0,61.09871.0,9042.09871.0,9781.09871.0,9872.09872.0,61.09872.0,62.09872.0,9870.09872.0,9871.09873.0,65.09873.0,66.09873.0,8746.09873.0,9990.09874.0,9879.09875.0,9829.09876.0,65.09876.0,9971.09877.0,9870.09878.0,9877.09879.0,63.09879.0,67.09879.0,9878.09879.0,10062.09879.0,10063.09880.0,6387.09880.0,9876.09881.0,9882.09882.0,8097.09882.0,8098.09883.0,8008.09884.0,9886.09885.0,9887.09886.0,9991.09887.0,9884.09888.0,355.09888.0,363.09888.0,10082.09889.0,7497.09889.0,9891.09890.0,363.09890.0,9889.09890.0,9892.09891.0,9889.09891.0,9892.09892.0,363.09892.0,9890.09892.0,9896.09893.0,9895.09894.0,10078.09895.0,9890.09895.0,9896.09896.0,9490.09896.0,9894.09896.0,9895.09897.0,365.09897.0,9903.09897.0,10134.09898.0,9481.09898.0,9495.09898.0,9888.09899.0,355.09899.0,363.09899.0,9898.09900.0,10078.09901.0,9902.09901.0,9906.09902.0,9209.09902.0,9904.09903.0,365.09903.0,8196.09904.0,9905.09904.0,9912.09905.0,8264.09905.0,9907.09906.0,9603.09906.0,9901.09907.0,9902.09907.0,9906.09908.0,8172.09908.0,8177.09908.0,9910.09909.0,9911.09910.0,9908.09910.0,9909.09911.0,9905.09911.0,9912.09912.0,9215.09912.0,9911.09913.0,10092.09914.0,9915.09915.0,8268.09915.0,8271.09916.0,9928.09916.0,9930.09917.0,9913.09917.0,9919.09918.0,9917.09919.0,9914.09919.0,9917.09920.0,9928.09921.0,9923.09921.0,9929.09922.0,348.09922.0,9885.09923.0,9920.09924.0,9916.09925.0,348.09925.0,9921.09926.0,348.09926.0,9925.09927.0,9924.09927.0,9932.09928.0,9315.09928.0,9927.09929.0,9921.09929.0,9922.09930.0,9929.09931.0,9915.09931.0,9918.09932.0,9324.09933.0,9924.09933.0,9932.09934.0,9628.09934.0,9836.09935.0,9670.09935.0,9934.09936.0,374.09936.0,9574.09937.0,374.09937.0,8623.09938.0,9948.09939.0,375.09939.0,3561.09939.0,9282.09940.0,9278.09940.0,9948.09941.0,9940.09941.0,9947.09942.0,9946.09943.0,9290.09944.0,9277.09944.0,9945.09945.0,9943.09945.0,9944.09946.0,7975.09946.0,8591.09946.0,9367.09947.0,9367.09947.0,9941.09948.0,9940.09948.0,9947.09948.0,9949.09949.0,3596.09950.0,7494.09951.0,8187.09952.0,9944.09953.0,1062.09953.0,9959.09954.0,9149.09954.0,9953.09955.0,7943.09955.0,9954.09956.0,9534.09956.0,9963.09957.0,9956.09957.0,9966.09958.0,3551.09958.0,9959.09959.0,9258.09959.0,9955.09960.0,9967.09961.0,9962.09961.0,10129.09962.0,9961.09962.0,10057.09963.0,7791.09963.0,9966.09964.0,9648.09964.0,9968.09965.0,9969.09965.0,10055.09966.0,305.09966.0,9958.09967.0,305.09967.0,7791.09967.0,9746.09968.0,9970.09968.0,10063.09969.0,9965.09969.0,10059.09970.0,9975.09971.0,65.09971.0,3588.09971.0,9981.09971.0,9990.09972.0,397.09972.0,9986.09972.0,10005.09973.0,397.09973.0,9329.09973.0,9972.09974.0,66.09974.0,9984.09975.0,9977.09976.0,9975.09976.0,10063.09977.0,66.09977.0,9974.09977.0,9983.09978.0,441.09978.0,9979.09978.0,10017.09979.0,441.09979.0,9978.09979.0,10061.09980.0,77.09980.0,9988.09981.0,66.09981.0,9974.09981.0,9983.09982.0,65.09982.0,9990.09983.0,9982.09984.0,9976.09985.0,8064.09985.0,9973.09986.0,8742.09986.0,9985.09987.0,77.09987.0,396.09987.0,9989.09988.0,77.09988.0,396.09988.0,9337.09989.0,77.09989.0,396.09989.0,8743.09990.0,65.09990.0,9873.09990.0,9880.09990.0,9971.09991.0,9993.09991.0,9999.09992.0,9883.09992.0,10003.09993.0,9997.09994.0,8266.09994.0,9998.09995.0,7915.09996.0,10111.09997.0,8009.09997.0,9996.09998.0,8269.09998.0,8328.09999.0,10002.010000.0,8067.010000.0,10001.010001.0,10111.010002.0,8270.010002.0,8328.010003.0,9994.010004.0,416.010004.0,10009.010005.0,7563.010005.0,10008.010006.0,410.010006.0,10007.010006.0,10013.010007.0,10010.010008.0,7568.010008.0,10011.010009.0,410.010009.0,10013.010010.0,9986.010010.0,10005.010011.0,10004.010011.0,10010.010012.0,388.010012.0,8881.010012.0,10015.010012.0,10069.010013.0,410.010013.0,10006.010013.0,10014.010014.0,409.010014.0,8394.010014.0,10006.010015.0,388.010015.0,10012.010015.0,10097.010016.0,222.010016.0,945.010017.0,441.010017.0,10035.010017.0,10038.010018.0,10019.010018.0,10032.010019.0,7515.010019.0,10018.010020.0,431.010020.0,10073.010021.0,431.010021.0,10020.010022.0,10023.010022.0,10030.010023.0,10022.010023.0,10026.010024.0,10021.010024.0,10028.010025.0,10033.010025.0,10037.010026.0,10027.010026.0,10075.010027.0,10022.010027.0,10026.010028.0,9814.010028.0,10024.010029.0,10019.010030.0,10029.010030.0,10031.010031.0,10023.010031.0,10030.010032.0,10031.010033.0,432.010033.0,10025.010033.0,10074.010034.0,10033.010035.0,441.010035.0,9979.010035.0,10017.010036.0,431.010036.0,10028.010037.0,441.010037.0,10035.010037.0,10038.010038.0,10034.010038.0,10037.010039.0,9965.010039.0,10059.010040.0,10060.010041.0,9850.010041.0,10048.010042.0,10045.010042.0,10051.010043.0,9855.010043.0,10046.010044.0,443.010044.0,10041.010044.0,10052.010045.0,8459.010045.0,10058.010046.0,10045.010046.0,10051.010047.0,10053.010048.0,9696.010048.0,10047.010049.0,9964.010049.0,10063.010050.0,443.010050.0,10044.010051.0,10042.010051.0,10050.010052.0,443.010052.0,10042.010052.0,10044.010053.0,10041.010053.0,10052.010054.0,9961.010054.0,10057.010055.0,10054.010056.0,9969.010057.0,10054.010057.0,10056.010058.0,10043.010058.0,10065.010059.0,67.010059.0,10039.010059.0,10049.010060.0,10133.010061.0,10064.010062.0,9879.010062.0,10039.010063.0,9041.010063.0,9879.010063.0,9964.010063.0,10049.010063.0,10062.010064.0,10043.010064.0,10065.010065.0,9978.010065.0,10064.010066.0,10071.010066.0,10082.010067.0,10027.010067.0,10075.010068.0,9026.010068.0,10078.010068.0,10135.010069.0,388.010069.0,10083.010069.0,10099.010070.0,432.010070.0,10036.010070.0,10073.010071.0,10066.010071.0,10068.010072.0,10070.010072.0,10077.010073.0,8448.010073.0,10072.010074.0,10070.010074.0,10076.010075.0,8785.010075.0,10084.010076.0,8897.010076.0,10025.010076.0,10074.010077.0,10076.010078.0,9893.010078.0,10066.010078.0,10068.010079.0,8706.010079.0,10067.010080.0,355.010080.0,10090.010081.0,355.010081.0,10080.010082.0,9899.010082.0,10081.010082.0,10085.010083.0,388.010083.0,10015.010083.0,10069.010084.0,10079.010084.0,10106.010085.0,8184.010085.0,10071.010085.0,10082.010086.0,10012.010086.0,10097.010087.0,389.010087.0,10091.010088.0,10087.010089.0,8885.010089.0,10086.010090.0,9919.010091.0,389.010091.0,10083.010091.0,10099.010092.0,10093.010093.0,355.010093.0,10085.010094.0,389.010094.0,10095.010095.0,10112.010096.0,10089.010096.0,10108.010097.0,8661.010097.0,10096.010098.0,10094.010099.0,10091.010099.0,10098.010100.0,12896.010101.0,10114.010102.0,10100.010102.0,11808.010103.0,386.010103.0,10104.010104.0,10079.010104.0,10106.010105.0,9992.010106.0,10104.010106.0,10107.010107.0,386.010107.0,10113.010108.0,393.010108.0,8676.010108.0,8791.010108.0,10109.010109.0,393.010109.0,9128.010109.0,10089.010109.0,10108.010110.0,10103.010111.0,8103.010111.0,10119.010112.0,10110.010112.0,10113.010113.0,10088.010113.0,10112.010114.0,10121.010115.0,7829.010115.0,10102.010116.0,368.010116.0,10123.010117.0,365.010117.0,9900.010118.0,10115.010119.0,10118.010120.0,9845.010120.0,10105.010121.0,9839.010121.0,10120.010122.0,368.010122.0,9822.010123.0,368.010123.0,10139.010124.0,11566.010124.0,11570.010125.0,10127.010125.0,10153.010126.0,9179.010126.0,9497.010127.0,10124.010127.0,10125.010128.0,280.010128.0,9192.010129.0,10142.010130.0,9980.010130.0,10133.010131.0,365.010131.0,10117.010132.0,9962.010132.0,10129.010133.0,10132.010134.0,365.010134.0,9897.010134.0,10131.010134.0,10136.010135.0,10136.010136.0,8972.010136.0,10134.010136.0,10140.010137.0,60.010137.0,10130.010138.0,9813.010138.0,10137.010139.0,10134.010139.0,10140.010140.0,9037.010140.0,10122.010140.0,10139.010141.0,10138.010142.0,9604.010142.0,10141.010143.0,10147.010143.0,10150.010144.0,10146.010144.0,10155.010145.0,5657.010145.0,10154.010146.0,10143.010146.0,10144.010147.0,10143.010147.0,10144.010148.0,10147.010148.0,10150.010149.0,20.010149.0,10152.010149.0,12857.010150.0,10148.010150.0,10149.010151.0,12610.010152.0,20.010152.0,10148.010152.0,10149.010153.0,11103.010153.0,12291.010154.0,10151.010154.0,10156.010155.0,10145.010155.0,12627.010156.0,10146.010156.0,10155.010157.0,10811.010158.0,10159.010159.0,100.010159.0,3386.010159.0,10768.010160.0,117.010160.0,3383.010160.0,10161.010161.0,117.010161.0,12014.010162.0,162.010162.0,10168.010163.0,10164.010163.0,10401.010164.0,10163.010165.0,10171.010165.0,10174.010166.0,10662.010166.0,11436.010167.0,162.010167.0,10175.010167.0,10177.010168.0,162.010168.0,10167.010168.0,10176.010169.0,10165.010169.0,10170.010170.0,10169.010170.0,10173.010171.0,10165.010171.0,10170.010172.0,10169.010172.0,10173.010173.0,10166.010173.0,10172.010174.0,10175.010174.0,10177.010175.0,10171.010175.0,10174.010176.0,162.010176.0,10168.010176.0,10391.010176.0,12658.010177.0,162.010177.0,10167.010177.0,10176.010178.0,3347.010179.0,10182.010179.0,10183.010180.0,10178.010180.0,10179.010181.0,10180.010181.0,10187.010182.0,10178.010182.0,10179.010183.0,10190.010183.0,10203.010184.0,10182.010184.0,10183.010185.0,10186.010185.0,10202.010186.0,10185.010186.0,10196.010187.0,10204.010188.0,10180.010188.0,10187.010189.0,109.010189.0,10193.010189.0,10200.010190.0,10181.010190.0,10204.010191.0,110.010191.0,10991.010192.0,10194.010192.0,11075.010193.0,10189.010193.0,10205.010194.0,10190.010194.0,10203.010195.0,109.010195.0,10198.010195.0,10206.010196.0,10195.010196.0,10197.010197.0,10185.010197.0,10196.010198.0,10195.010198.0,10197.010199.0,10193.010199.0,10200.010200.0,110.010200.0,10199.010200.0,10226.010201.0,109.010201.0,110.010201.0,10991.010202.0,10184.010202.0,11578.010203.0,10186.010203.0,10202.010204.0,10192.010205.0,10198.010205.0,11679.010206.0,109.010206.0,10189.010206.0,10205.010207.0,10216.010208.0,10210.010208.0,10212.010208.0,10214.010209.0,207.010209.0,11826.010209.0,11835.010210.0,10209.010211.0,10208.010212.0,10213.010213.0,10215.010214.0,211.010214.0,11827.010215.0,3546.010215.0,11147.010216.0,10211.010216.0,10215.010217.0,207.010217.0,10209.010217.0,10212.010218.0,10219.010219.0,10224.010220.0,948.010220.0,12198.010221.0,3529.010221.0,10220.010222.0,1065.010222.0,10224.010223.0,196.010223.0,10953.010223.0,12719.010224.0,11792.010225.0,10191.010226.0,10201.010226.0,10918.010227.0,122.010227.0,10926.010227.0,12650.010228.0,122.010228.0,10229.010228.0,10912.010229.0,122.010229.0,12651.010230.0,10227.010231.0,10236.010231.0,10247.010232.0,10233.010232.0,10242.010233.0,10232.010233.0,10235.010234.0,10231.010234.0,10240.010235.0,43.010235.0,10251.010235.0,10253.010236.0,10231.010236.0,10240.010237.0,43.010237.0,10253.010238.0,35.010238.0,43.010238.0,10241.010238.0,10248.010239.0,10232.010239.0,10235.010239.0,12356.010240.0,10245.010240.0,10249.010241.0,10234.010241.0,11865.010242.0,30.010242.0,42.010242.0,10243.010242.0,12353.010243.0,30.010243.0,42.010243.0,10233.010243.0,10242.010244.0,10236.010245.0,43.010245.0,10239.010246.0,43.010246.0,10249.010247.0,12355.010248.0,35.010248.0,10238.010248.0,11268.010249.0,10241.010249.0,10248.010250.0,42.010250.0,10255.010251.0,42.010251.0,10250.010252.0,10246.010253.0,10239.010253.0,10252.010254.0,10237.010255.0,11251.010256.0,3.010256.0,11019.010257.0,10262.010258.0,3159.010259.0,3887.010259.0,3888.010259.0,10262.010260.0,3897.010260.0,12967.010261.0,1248.010261.0,10258.010262.0,10259.010262.0,10263.010262.0,10433.010263.0,10260.010264.0,458.010264.0,10265.010265.0,3411.010265.0,11881.010265.0,12125.010266.0,946.010266.0,10356.010266.0,12407.010267.0,10266.010268.0,185.010268.0,10266.010269.0,12937.010270.0,12901.010271.0,12756.010272.0,10586.010273.0,10512.010274.0,226.010274.0,229.010274.0,10853.010275.0,10277.010276.0,229.010276.0,10274.010276.0,10824.010277.0,10815.010278.0,12864.010279.0,227.010279.0,229.010279.0,10276.010280.0,199.010280.0,3369.010280.0,10286.010281.0,114.010281.0,10285.010281.0,10288.010281.0,10289.010282.0,114.010282.0,10281.010283.0,199.010283.0,10287.010283.0,10288.010284.0,199.010284.0,10283.010284.0,11627.010285.0,114.010285.0,10281.010285.0,10937.010286.0,114.010286.0,10285.010286.0,10289.010287.0,10280.010287.0,11672.010288.0,199.010288.0,3526.010288.0,10284.010289.0,10287.010289.0,10288.010290.0,50.010290.0,3376.010290.0,3499.010290.0,3519.010290.0,10292.010291.0,50.010291.0,10290.010292.0,46.010292.0,11012.010293.0,10294.010293.0,10297.010294.0,10293.010294.0,11054.010295.0,10294.010295.0,10297.010296.0,10295.010296.0,12966.010297.0,10298.010298.0,10296.010298.0,12682.010298.0,12966.010299.0,10307.010299.0,12971.010300.0,11888.010301.0,10307.010302.0,11899.010302.0,12971.010303.0,10304.010303.0,12971.010304.0,10299.010304.0,10302.010304.0,12971.010305.0,515.010305.0,10306.010305.0,11195.010306.0,10305.010306.0,12136.010307.0,10306.010307.0,11195.010307.0,11874.010308.0,495.010308.0,498.010308.0,10517.010309.0,498.010309.0,11485.010310.0,491.010310.0,3466.010311.0,10312.010312.0,489.010312.0,10552.010313.0,10316.010313.0,10319.010314.0,10316.010315.0,12764.010316.0,88.010316.0,91.010316.0,11007.010317.0,3320.010317.0,10315.010318.0,88.010318.0,91.010318.0,10319.010318.0,10320.010318.0,11722.010319.0,11722.010320.0,88.010320.0,12745.010321.0,84.010321.0,176.010321.0,179.010321.0,10754.010321.0,10775.010322.0,10323.010322.0,10748.010323.0,84.010323.0,179.010323.0,10330.010324.0,85.010324.0,10328.010325.0,85.010325.0,10324.010325.0,10742.010326.0,83.010326.0,10880.010327.0,10322.010327.0,10743.010328.0,10327.010329.0,10327.010330.0,84.010330.0,179.010330.0,10321.010331.0,149.010331.0,10441.010331.0,10444.010332.0,3950.010332.0,10333.010332.0,10440.010333.0,10372.010334.0,10332.010335.0,141.010335.0,10364.010336.0,141.010336.0,142.010336.0,3875.010337.0,141.010337.0,142.010337.0,10374.010338.0,10336.010339.0,12330.010340.0,145.010340.0,181.010340.0,12330.010341.0,140.010341.0,1535.010341.0,3875.010342.0,144.010342.0,10343.010342.0,12081.010343.0,144.010343.0,181.010343.0,876.010343.0,10342.010344.0,145.010344.0,2898.010345.0,10347.010345.0,10497.010346.0,2544.010346.0,10345.010346.0,10382.010347.0,10346.010348.0,182.010348.0,10351.010348.0,10386.010348.0,11431.010349.0,148.010349.0,10363.010350.0,10401.010351.0,181.010351.0,182.010351.0,876.010351.0,10348.010351.0,10361.010351.0,10385.010352.0,10351.010353.0,12664.010354.0,10355.010354.0,10675.010355.0,10267.010356.0,10354.010357.0,148.010357.0,10352.010358.0,10360.010358.0,10389.010359.0,148.010359.0,10392.010360.0,10358.010360.0,10362.010361.0,148.010361.0,10359.010362.0,147.010362.0,11948.010363.0,148.010363.0,10357.010364.0,142.010364.0,10365.010365.0,142.010365.0,10337.010365.0,11412.010365.0,11414.010366.0,10375.010367.0,146.010367.0,11413.010367.0,11940.010368.0,10373.010369.0,11941.010370.0,10335.010371.0,10372.010371.0,10373.010371.0,11412.010372.0,10334.010372.0,10371.010372.0,10373.010372.0,11936.010373.0,10338.010373.0,10371.010373.0,10372.010374.0,10370.010374.0,10375.010375.0,10374.010375.0,12330.010376.0,484.010376.0,10346.010377.0,11438.010378.0,484.010378.0,11438.010378.0,11441.010379.0,484.010379.0,10381.010380.0,484.010380.0,10376.010381.0,10378.010382.0,10379.010383.0,3491.010383.0,11441.010384.0,182.010384.0,10348.010385.0,181.010385.0,182.010385.0,3893.010386.0,182.010386.0,10433.010387.0,10388.010388.0,10398.010389.0,10349.010389.0,10387.010389.0,10392.010390.0,10401.010391.0,10162.010391.0,10390.010391.0,10394.010392.0,10350.010392.0,10389.010392.0,10396.010393.0,10395.010393.0,10397.010394.0,10391.010394.0,10403.010394.0,12661.010395.0,10393.010395.0,10399.010396.0,152.010396.0,10420.010397.0,152.010397.0,10393.010397.0,10420.010398.0,10360.010399.0,10669.010400.0,10395.010401.0,10163.010401.0,10391.010401.0,10392.010402.0,10394.010403.0,10402.010403.0,10423.010404.0,153.010404.0,10781.010405.0,154.010405.0,11935.010406.0,154.010406.0,10404.010407.0,153.010407.0,10405.010408.0,164.010408.0,3486.010408.0,12339.010409.0,165.010409.0,168.010409.0,10410.010410.0,168.010410.0,1050.010410.0,10480.010411.0,3458.010411.0,12660.010412.0,10411.010412.0,10475.010413.0,171.010413.0,10412.010414.0,10415.010414.0,10475.010415.0,170.010415.0,3873.010415.0,10414.010415.0,10416.010416.0,170.010416.0,10415.010416.0,10484.010417.0,166.010417.0,167.010417.0,3484.010417.0,10418.010418.0,166.010418.0,3484.010418.0,10472.010419.0,166.010419.0,10418.010419.0,10493.010420.0,152.010420.0,10389.010420.0,10397.010421.0,152.010421.0,10420.010422.0,10426.010423.0,12655.010424.0,10430.010424.0,12396.010425.0,10434.010426.0,10429.010427.0,186.010427.0,12404.010428.0,183.010428.0,11437.010429.0,10424.010429.0,12657.010430.0,10425.010430.0,10435.010431.0,10425.010431.0,10430.010432.0,183.010432.0,10433.010433.0,3243.010433.0,10384.010433.0,10428.010434.0,10436.010434.0,10667.010435.0,10403.010435.0,12655.010436.0,10434.010436.0,10435.010437.0,1066.010437.0,10438.010437.0,12318.010438.0,143.010438.0,150.010438.0,12326.010439.0,12322.010440.0,10332.010440.0,12323.010441.0,149.010441.0,10331.010441.0,10442.010442.0,149.010442.0,10441.010442.0,10455.010442.0,10781.010443.0,10440.010444.0,149.010444.0,10445.010445.0,149.010445.0,3951.010446.0,3273.010446.0,3277.010447.0,173.010447.0,3270.010447.0,3279.010448.0,3266.010448.0,3278.010449.0,175.010449.0,10793.010450.0,10449.010451.0,10442.010452.0,174.010452.0,10785.010453.0,174.010453.0,10457.010454.0,174.010454.0,10456.010455.0,10451.010456.0,174.010456.0,10453.010457.0,174.010457.0,10453.010457.0,10458.010458.0,10450.010458.0,10457.010459.0,153.010459.0,10682.010460.0,10464.010461.0,159.010461.0,10641.010462.0,159.010462.0,10463.010463.0,159.010463.0,10464.010464.0,159.010464.0,10467.010464.0,10471.010465.0,10466.010465.0,10639.010465.0,10640.010466.0,10648.010467.0,159.010467.0,10461.010467.0,10463.010468.0,155.010468.0,10469.010468.0,10667.010469.0,155.010469.0,10460.010470.0,155.010470.0,10468.010471.0,155.010471.0,10468.010472.0,166.010472.0,10419.010473.0,167.010473.0,10477.010474.0,167.010474.0,168.010474.0,3482.010475.0,172.010475.0,10414.010475.0,10481.010475.0,10482.010476.0,3284.010476.0,10478.010477.0,168.010477.0,10478.010478.0,3284.010478.0,10474.010479.0,172.010479.0,10482.010480.0,10410.010480.0,10476.010481.0,172.010481.0,10411.010482.0,172.010482.0,3484.010482.0,10475.010483.0,3944.010484.0,160.010484.0,10487.010484.0,10488.010485.0,160.010485.0,12397.010486.0,160.010486.0,10488.010487.0,160.010487.0,10416.010487.0,10484.010488.0,160.010488.0,10485.010488.0,10487.010489.0,12319.010490.0,169.010490.0,3295.010490.0,3301.010491.0,169.010491.0,3944.010491.0,10490.010492.0,169.010492.0,10491.010493.0,3947.010493.0,10419.010494.0,493.010494.0,10544.010495.0,10494.010496.0,493.010496.0,11540.010497.0,487.010497.0,3314.010497.0,10498.010497.0,11920.010497.0,11921.010498.0,487.010498.0,10508.010499.0,10497.010500.0,480.010500.0,10696.010501.0,480.010501.0,10696.010502.0,475.010502.0,10503.010503.0,475.010503.0,10505.010504.0,10502.010505.0,475.010505.0,10506.010505.0,10527.010506.0,475.010506.0,1068.010506.0,10505.010506.0,11923.010507.0,10510.010507.0,12972.010508.0,10509.010509.0,10511.010509.0,12972.010510.0,10499.010510.0,12972.010511.0,10507.010511.0,12972.010512.0,1623.010512.0,11480.010512.0,11483.010513.0,10512.010514.0,10520.010514.0,10554.010515.0,10514.010516.0,486.010516.0,487.010516.0,11921.010516.0,12949.010517.0,495.010517.0,498.010517.0,10309.010517.0,10518.010517.0,11518.010518.0,495.010518.0,498.010518.0,10519.010519.0,10517.010519.0,10553.010520.0,495.010520.0,11518.010521.0,178.010521.0,481.010521.0,10782.010522.0,178.010522.0,481.010522.0,10521.010522.0,10696.010523.0,1071.010523.0,10524.010524.0,10523.010524.0,12157.010525.0,476.010525.0,12151.010526.0,472.010526.0,12151.010527.0,475.010527.0,10524.010528.0,12161.010529.0,10528.010530.0,10531.010530.0,10836.010530.0,11159.010531.0,10532.010533.0,225.010533.0,10483.010534.0,496.010534.0,10582.010534.0,11396.010535.0,496.010535.0,497.010535.0,11394.010536.0,3471.010536.0,10538.010537.0,10542.010538.0,10536.010538.0,10545.010539.0,493.010539.0,10537.010539.0,10543.010540.0,3478.010541.0,10538.010541.0,10545.010542.0,10541.010543.0,3478.010543.0,10537.010544.0,493.010544.0,10496.010544.0,10548.010545.0,10544.010546.0,10543.010547.0,10554.010548.0,493.010548.0,10539.010549.0,10529.010550.0,10519.010551.0,10555.010552.0,489.010552.0,10310.010552.0,11474.010552.0,11475.010553.0,10554.010554.0,10514.010554.0,10540.010554.0,10550.010555.0,10556.010556.0,3471.010556.0,10561.010557.0,495.010557.0,498.010557.0,10515.010558.0,494.010558.0,10549.010558.0,11520.010559.0,501.010559.0,3430.010560.0,501.010560.0,11515.010561.0,1074.010562.0,10564.010563.0,10562.010564.0,11481.010565.0,3467.010566.0,477.010566.0,11498.010567.0,477.010567.0,3443.010568.0,477.010568.0,10566.010568.0,10569.010569.0,10570.010570.0,10588.010571.0,10572.010572.0,477.010572.0,10568.010573.0,501.010573.0,3430.010574.0,3431.010574.0,10579.010574.0,11408.010575.0,504.010575.0,3434.010575.0,3437.010576.0,505.010576.0,10574.010577.0,505.010577.0,1075.010577.0,10578.010578.0,505.010578.0,10576.010578.0,10577.010579.0,505.010579.0,10578.010580.0,3307.010580.0,3408.010580.0,3437.010581.0,10580.010582.0,496.010582.0,1073.010582.0,10534.010583.0,10587.010584.0,496.010584.0,10585.010585.0,10587.010586.0,10535.010587.0,10272.010587.0,10583.010588.0,10589.010588.0,12289.010589.0,11521.010589.0,12161.010590.0,10589.010590.0,12289.010591.0,10590.010591.0,12956.010592.0,1075.010592.0,10593.010592.0,12106.010593.0,10592.010593.0,12730.010594.0,506.010594.0,10595.010594.0,12693.010595.0,10596.010595.0,10597.010595.0,11510.010595.0,12091.010596.0,506.010596.0,10594.010597.0,506.010597.0,10598.010598.0,506.010598.0,517.010598.0,10595.010598.0,12090.010598.0,12114.010599.0,466.010599.0,3425.010600.0,466.010600.0,11527.010601.0,466.010601.0,10599.010601.0,11527.010602.0,11487.010602.0,11880.010603.0,466.010603.0,12496.010604.0,466.010604.0,10601.010604.0,10603.010605.0,11407.010606.0,3406.010607.0,11983.010608.0,503.010608.0,11397.010608.0,12287.010609.0,460.010609.0,10610.010609.0,10612.010609.0,10622.010610.0,458.010610.0,10613.010610.0,10615.010610.0,12473.010611.0,460.010611.0,11038.010612.0,460.010612.0,10609.010612.0,10611.010613.0,460.010613.0,10612.010614.0,10610.010615.0,51.010615.0,3861.010615.0,10614.010615.0,11034.010616.0,459.010616.0,3395.010616.0,3864.010617.0,459.010617.0,10616.010617.0,10620.010618.0,10623.010618.0,11525.010619.0,11040.010620.0,10618.010620.0,10619.010621.0,10618.010622.0,10623.010623.0,10609.010623.0,10616.010623.0,10620.010624.0,40.010624.0,12511.010625.0,37.010625.0,10632.010625.0,11064.010626.0,39.010626.0,12499.010627.0,10624.010627.0,10628.010628.0,10627.010628.0,10630.010629.0,39.010629.0,10626.010629.0,10631.010630.0,11063.010631.0,39.010631.0,3497.010631.0,3498.010632.0,10627.010633.0,11433.010633.0,11911.010634.0,483.010634.0,10635.010634.0,11913.010635.0,483.010635.0,10637.010636.0,474.010636.0,10634.010636.0,11914.010637.0,474.010637.0,483.010637.0,10636.010638.0,3291.010638.0,3293.010638.0,10646.010639.0,156.010639.0,157.010639.0,158.010639.0,10646.010640.0,10465.010640.0,10641.010641.0,10462.010641.0,10640.010642.0,10643.010642.0,10656.010643.0,10652.010643.0,10653.010644.0,10465.010646.0,10465.010646.0,10645.010646.0,10659.010647.0,10644.010648.0,12395.010649.0,10650.010649.0,10776.010650.0,10649.010650.0,10654.010651.0,180.010651.0,10658.010651.0,12941.010652.0,10643.010652.0,10656.010653.0,10649.010653.0,10654.010654.0,10652.010654.0,10653.010655.0,180.010655.0,10651.010655.0,10657.010656.0,10642.010656.0,10655.010657.0,180.010657.0,10642.010657.0,10655.010658.0,180.010658.0,10651.010658.0,10657.010659.0,10638.010660.0,10670.010661.0,10668.010661.0,11418.010662.0,10166.010662.0,10172.010663.0,10666.010663.0,10678.010664.0,10354.010665.0,10673.010665.0,11439.010666.0,10661.010667.0,10470.010667.0,10669.010667.0,10680.010668.0,10663.010669.0,10400.010669.0,10436.010669.0,10667.010670.0,10669.010670.0,10680.010671.0,10668.010671.0,11418.010672.0,153.010672.0,10682.010672.0,10781.010673.0,184.010673.0,10665.010673.0,10676.010674.0,10673.010675.0,184.010675.0,10665.010675.0,10676.010676.0,184.010676.0,3485.010676.0,11431.010677.0,153.010677.0,10679.010678.0,10685.010679.0,10666.010679.0,10678.010680.0,10683.010681.0,10677.010681.0,12078.010682.0,10681.010683.0,155.010683.0,10671.010684.0,10672.010685.0,10684.010685.0,12959.010686.0,10271.010687.0,472.010687.0,10526.010687.0,10695.010688.0,10271.010688.0,10692.010689.0,10688.010689.0,10692.010690.0,480.010690.0,10693.010691.0,479.010691.0,480.010691.0,10501.010692.0,12026.010693.0,479.010693.0,480.010693.0,12034.010694.0,479.010694.0,10691.010695.0,472.010695.0,10500.010695.0,10687.010696.0,481.010696.0,3462.010696.0,10522.010696.0,10690.010697.0,1077.010697.0,10699.010698.0,3291.010698.0,3293.010699.0,126.010699.0,10700.010700.0,126.010700.0,10706.010701.0,10721.010702.0,10704.010702.0,11461.010703.0,125.010703.0,10729.010704.0,125.010704.0,10697.010704.0,10702.010704.0,10703.010705.0,124.010705.0,10724.010706.0,125.010706.0,126.010706.0,10704.010707.0,124.010707.0,3943.010707.0,3944.010707.0,10705.010708.0,10717.010709.0,10708.010709.0,10728.010710.0,134.010710.0,10711.010710.0,10713.010711.0,134.010711.0,10710.010711.0,11460.010712.0,10711.010713.0,10712.010713.0,12334.010714.0,10715.010714.0,10722.010715.0,10714.010715.0,10716.010716.0,10715.010716.0,10718.010716.0,10728.010717.0,127.010717.0,10719.010717.0,10723.010718.0,10708.010718.0,10716.010718.0,10719.010719.0,10717.010719.0,10718.010719.0,10722.010720.0,127.010720.0,10729.010721.0,127.010721.0,10720.010721.0,10723.010722.0,10714.010722.0,10719.010722.0,10727.010723.0,127.010723.0,10727.010723.0,11592.010724.0,3945.010724.0,11589.010725.0,125.010725.0,10704.010726.0,125.010726.0,10709.010727.0,10722.010727.0,10724.010727.0,11590.010728.0,10709.010728.0,10716.010728.0,10729.010729.0,10725.010729.0,10726.010729.0,10728.010730.0,11379.010730.0,11602.010731.0,3926.010731.0,10730.010732.0,10731.010733.0,3848.010733.0,10734.010734.0,3843.010734.0,10738.010735.0,11598.010736.0,10737.010737.0,136.010737.0,10740.010738.0,12717.010739.0,3851.010739.0,10733.010739.0,10740.010740.0,136.010740.0,10735.010740.0,10812.010741.0,11606.010742.0,85.010742.0,10325.010742.0,12746.010743.0,10749.010744.0,180.010744.0,10745.010745.0,10756.010745.0,11427.010745.0,12942.010746.0,10745.010747.0,92.010747.0,10749.010748.0,10322.010748.0,10743.010749.0,10328.010749.0,10757.010750.0,84.010750.0,179.010750.0,10748.010751.0,84.010751.0,179.010751.0,10750.010752.0,10776.010753.0,176.010753.0,10772.010754.0,10321.010754.0,10751.010755.0,10756.010755.0,12258.010756.0,10746.010756.0,10752.010756.0,10755.010757.0,10742.010757.0,11132.010758.0,10759.010759.0,105.010759.0,10760.010759.0,12550.010760.0,96.010760.0,97.010760.0,11734.010761.0,12265.010762.0,101.010762.0,3845.010763.0,10770.010764.0,10765.010764.0,11555.010765.0,10766.010765.0,11135.010766.0,10764.010766.0,10765.010767.0,101.010767.0,3387.010768.0,101.010768.0,10771.010769.0,101.010769.0,11555.010770.0,10761.010770.0,10766.010770.0,11135.010771.0,10770.010771.0,11134.010772.0,176.010772.0,10754.010772.0,10775.010773.0,471.010773.0,11931.010774.0,176.010774.0,10777.010775.0,176.010775.0,10772.010775.0,10774.010776.0,10753.010776.0,10756.010776.0,10777.010777.0,10650.010777.0,10776.010777.0,11934.010778.0,177.010778.0,178.010778.0,471.010778.0,481.010778.0,1067.010778.0,11928.010778.0,11931.010779.0,10755.010780.0,471.010780.0,10778.010781.0,10407.010781.0,10442.010781.0,10459.010782.0,178.010782.0,1067.010782.0,10522.010782.0,10788.010783.0,173.010783.0,3276.010783.0,10447.010784.0,175.010784.0,10787.010785.0,173.010785.0,10452.010785.0,10783.010785.0,10791.010786.0,173.010786.0,10783.010786.0,10785.010787.0,175.010787.0,10790.010787.0,10793.010788.0,10782.010788.0,10789.010788.0,10790.010789.0,10788.010789.0,12941.010790.0,10784.010790.0,10789.010791.0,10793.010792.0,175.010792.0,10785.010793.0,175.010793.0,10458.010793.0,10787.010793.0,10792.010794.0,10795.010795.0,1078.010795.0,10794.010795.0,10825.010796.0,131.010796.0,10731.010797.0,128.010797.0,129.010797.0,867.010797.0,1078.010797.0,10801.010798.0,131.010798.0,3392.010798.0,10800.010799.0,10800.010799.0,10801.010800.0,10798.010800.0,10799.010801.0,128.010801.0,129.010801.0,10797.010801.0,10799.010802.0,131.010802.0,10800.010803.0,10804.010803.0,10806.010804.0,3382.010804.0,10803.010805.0,139.010805.0,10809.010806.0,10805.010807.0,12722.010808.0,139.010808.0,10810.010809.0,139.010809.0,10808.010809.0,12732.010810.0,139.010810.0,1079.010810.0,10804.010811.0,1079.010811.0,3384.010812.0,136.010812.0,10739.010813.0,10816.010814.0,12175.010815.0,10814.010816.0,10815.010816.0,11140.010817.0,10819.010818.0,3264.010818.0,12961.010819.0,3262.010819.0,10818.010820.0,129.010820.0,10822.010821.0,227.010821.0,10854.010822.0,224.010822.0,10821.010822.0,10825.010822.0,10830.010822.0,11158.010823.0,227.010823.0,10822.010824.0,229.010824.0,12176.010825.0,10795.010825.0,10820.010826.0,1039.010826.0,7656.010826.0,10822.010826.0,11159.010827.0,10826.010828.0,3289.010829.0,228.010829.0,10830.010830.0,228.010830.0,10822.010830.0,10832.010831.0,228.010831.0,10865.010832.0,228.010832.0,10829.010832.0,10831.010833.0,11159.010833.0,12964.010834.0,9753.010835.0,263.010835.0,265.010835.0,8504.010835.0,10841.010836.0,10840.010837.0,7622.010837.0,8485.010838.0,10839.010838.0,10843.010839.0,257.010839.0,7646.010840.0,7526.010840.0,10842.010841.0,263.010841.0,265.010841.0,8488.010841.0,10847.010842.0,256.010842.0,8923.010843.0,8921.010844.0,10839.010844.0,10843.010845.0,255.010845.0,10833.010846.0,256.010846.0,7628.010846.0,10845.010847.0,265.010847.0,10834.010847.0,10835.010848.0,228.010848.0,10832.010849.0,10851.010849.0,12885.010850.0,226.010850.0,12873.010851.0,10855.010851.0,10858.010852.0,10855.010853.0,227.010853.0,229.010853.0,10854.010854.0,227.010854.0,10279.010854.0,10823.010855.0,10857.010855.0,10865.010856.0,10859.010857.0,10858.010858.0,12880.010858.0,12882.010859.0,222.010859.0,12264.010860.0,10855.010861.0,3286.010862.0,10861.010863.0,11194.010864.0,10860.010864.0,10865.010865.0,10848.010865.0,10864.010865.0,12414.010866.0,12188.010867.0,10863.010868.0,470.010868.0,10871.010869.0,470.010869.0,10870.010870.0,470.010870.0,10869.010870.0,10871.010871.0,10868.010871.0,12382.010872.0,44.010872.0,10876.010873.0,10874.010874.0,44.010874.0,10872.010874.0,12143.010875.0,44.010875.0,10876.010875.0,12143.010876.0,44.010876.0,3378.010876.0,10875.010877.0,10326.010877.0,10773.010878.0,83.010878.0,85.010878.0,10877.010879.0,10886.010879.0,12749.010880.0,83.010880.0,10878.010880.0,10879.010880.0,11985.010881.0,83.010881.0,11997.010881.0,12384.010882.0,3309.010882.0,11984.010883.0,86.010883.0,10887.010883.0,11001.010884.0,10885.010885.0,83.010885.0,10880.010885.0,10886.010886.0,11847.010887.0,86.010887.0,10883.010887.0,11994.010888.0,3501.010888.0,3509.010889.0,12366.010890.0,97.010890.0,10891.010891.0,97.010891.0,10892.010891.0,11113.010892.0,2.010892.0,10891.010892.0,10894.010892.0,11711.010893.0,98.010893.0,106.010893.0,10905.010893.0,10958.010893.0,11723.010894.0,10895.010894.0,11715.010894.0,11725.010895.0,2.010895.0,10892.010896.0,108.010896.0,12773.010897.0,10900.010897.0,10903.010898.0,104.010898.0,10901.010899.0,12785.010900.0,106.010900.0,10904.010901.0,104.010901.0,106.010901.0,10903.010901.0,10904.010901.0,12641.010902.0,99.010902.0,10899.010902.0,10907.010902.0,12775.010903.0,10897.010903.0,12822.010904.0,104.010904.0,106.010904.0,10901.010904.0,10905.010904.0,10906.010905.0,98.010905.0,106.010905.0,10893.010905.0,10904.010905.0,10907.010906.0,104.010906.0,3373.010907.0,99.010907.0,10902.010907.0,10905.010907.0,10958.010907.0,10964.010908.0,10227.010909.0,123.010909.0,3370.010909.0,10916.010910.0,10199.010910.0,11690.010911.0,10913.010911.0,10927.010912.0,120.010912.0,3350.010912.0,10228.010912.0,10916.010913.0,10911.010913.0,10917.010914.0,119.010914.0,10913.010915.0,10920.010916.0,120.010916.0,10909.010916.0,10912.010916.0,10922.010917.0,10910.010917.0,10918.010918.0,10911.010918.0,10917.010919.0,119.010919.0,10914.010920.0,119.010920.0,3368.010920.0,10925.010920.0,10926.010921.0,10920.010921.0,10923.010922.0,10921.010923.0,10912.010924.0,119.010924.0,10919.010925.0,119.010925.0,10924.010926.0,10908.010926.0,10920.010926.0,10923.010927.0,10925.010927.0,10926.010928.0,193.010928.0,10944.010928.0,10949.010929.0,10939.010930.0,10929.010930.0,10931.010931.0,10933.010931.0,10943.010932.0,193.010932.0,10935.010932.0,10942.010933.0,10930.010933.0,10932.010934.0,193.010934.0,10928.010934.0,10944.010935.0,193.010935.0,10934.010936.0,10994.010937.0,3831.010937.0,10941.010938.0,198.010938.0,10936.010939.0,198.010939.0,10938.010940.0,10933.010940.0,10943.010941.0,10940.010941.0,11682.010942.0,10930.010942.0,10932.010943.0,10282.010943.0,10937.010944.0,193.010944.0,10934.010944.0,10942.010945.0,10950.010946.0,10945.010946.0,10948.010946.0,10949.010946.0,11694.010947.0,10948.010948.0,10946.010948.0,10949.010948.0,10951.010948.0,10952.010949.0,10928.010949.0,10946.010949.0,10948.010949.0,11691.010950.0,192.010950.0,10946.010950.0,10954.010950.0,11662.010950.0,11664.010951.0,196.010951.0,10948.010951.0,10953.010952.0,10947.010952.0,10951.010952.0,10954.010952.0,12019.010953.0,196.010953.0,10223.010953.0,10951.010954.0,10952.010954.0,10955.010955.0,10950.010956.0,13.010956.0,10963.010957.0,7.010957.0,3365.010958.0,99.010958.0,10893.010958.0,10907.010958.0,11718.010958.0,12839.010959.0,99.010959.0,10958.010960.0,3371.010960.0,10962.010961.0,13.010961.0,11727.010962.0,12834.010963.0,13.010963.0,10965.010964.0,10907.010964.0,12824.010965.0,13.010965.0,10961.010965.0,11119.010966.0,112.010966.0,10968.010966.0,11627.010967.0,202.010967.0,10969.010967.0,10970.010968.0,202.010968.0,10967.010969.0,202.010969.0,10967.010969.0,10971.010970.0,202.010970.0,10966.010971.0,12790.010972.0,115.010972.0,10984.010973.0,116.010973.0,10984.010974.0,3839.010974.0,10982.010975.0,116.010975.0,10977.010976.0,116.010976.0,10975.010976.0,10978.010977.0,116.010977.0,11955.010977.0,12009.010978.0,116.010978.0,10973.010978.0,11839.010978.0,12015.010979.0,3311.010979.0,3313.010979.0,10984.010979.0,11960.010980.0,115.010980.0,10972.010980.0,11680.010981.0,3833.010981.0,10982.010982.0,10974.010982.0,10983.010983.0,10984.010984.0,10974.010984.0,10978.010984.0,10979.010984.0,10980.010985.0,201.010985.0,11613.010986.0,113.010986.0,200.010986.0,10988.010987.0,11849.010988.0,200.010988.0,10993.010989.0,200.010989.0,11851.010990.0,109.010990.0,10194.010990.0,10206.010990.0,11075.010991.0,110.010991.0,10990.010991.0,11074.010992.0,203.010992.0,10993.010993.0,203.010993.0,10989.010993.0,12793.010993.0,12812.010994.0,197.010994.0,11757.010994.0,11767.010995.0,11003.010996.0,11002.010997.0,10318.010997.0,10999.010998.0,10995.010998.0,11004.010999.0,10995.010999.0,10998.011000.0,1.011000.0,90.011000.0,10318.011001.0,10887.011001.0,11002.011002.0,11001.011002.0,11005.011003.0,10996.011003.0,11004.011003.0,11987.011004.0,11000.011004.0,11006.011005.0,11003.011006.0,11009.011006.0,11695.011007.0,1.011007.0,90.011007.0,11006.011007.0,12387.011008.0,11000.011009.0,10998.011009.0,11010.011010.0,12387.011011.0,11010.011012.0,10290.011012.0,11014.011013.0,10629.011013.0,12378.011014.0,11015.011014.0,12491.011015.0,11012.011016.0,6.011016.0,8.011016.0,11695.011017.0,6.011017.0,8.011017.0,3363.011018.0,11.011018.0,11024.011018.0,11032.011019.0,11.011019.0,11018.011019.0,11028.011020.0,11.011020.0,11031.011020.0,11033.011021.0,11741.011022.0,11.011022.0,12313.011023.0,11027.011024.0,11020.011024.0,11023.011025.0,11026.011026.0,11030.011026.0,11279.011027.0,11029.011027.0,11740.011028.0,11.011028.0,11019.011028.0,11022.011029.0,11020.011029.0,11027.011030.0,11026.011030.0,11031.011031.0,11030.011031.0,11033.011032.0,11018.011032.0,11028.011033.0,11024.011033.0,11032.011034.0,51.011034.0,11043.011035.0,11041.011036.0,48.011036.0,12385.011037.0,3859.011037.0,3865.011038.0,11037.011038.0,11043.011039.0,11037.011040.0,3812.011040.0,10621.011040.0,11884.011041.0,11042.011041.0,11045.011042.0,11041.011042.0,11044.011043.0,10615.011043.0,11041.011043.0,11044.011044.0,11039.011044.0,11043.011044.0,11047.011045.0,51.011045.0,52.011045.0,11036.011046.0,11044.011047.0,11046.011047.0,12809.011048.0,464.011048.0,11243.011048.0,12809.011049.0,10293.011049.0,11054.011050.0,11056.011050.0,11057.011050.0,11058.011051.0,11052.011051.0,11057.011052.0,11056.011053.0,11050.011053.0,11055.011054.0,11053.011054.0,12307.011055.0,3492.011055.0,11049.011056.0,11050.011056.0,11055.011057.0,11051.011057.0,12810.011058.0,11209.011059.0,38.011059.0,41.011059.0,11294.011060.0,38.011060.0,41.011060.0,11059.011060.0,11061.011061.0,38.011061.0,41.011061.0,11060.011061.0,12501.011062.0,11064.011063.0,11062.011064.0,10625.011064.0,12815.011065.0,37.011065.0,12365.011065.0,12801.011066.0,38.011066.0,41.011066.0,11060.011067.0,19.011067.0,11069.011068.0,10127.011068.0,10153.011069.0,11068.011069.0,11078.011070.0,11077.011070.0,12771.011071.0,108.011071.0,11070.011071.0,12772.011072.0,11073.011072.0,11075.011073.0,11072.011073.0,12778.011074.0,110.011074.0,3348.011075.0,10990.011075.0,11072.011075.0,11074.011076.0,11073.011077.0,11076.011077.0,12770.011078.0,19.011078.0,3351.011079.0,282.011079.0,11083.011080.0,59.011080.0,11100.011081.0,281.011081.0,11086.011082.0,282.011082.0,8969.011083.0,282.011083.0,11086.011083.0,11088.011084.0,281.011084.0,11097.011085.0,282.011085.0,11082.011085.0,11086.011086.0,9593.011086.0,11085.011087.0,278.011087.0,7843.011087.0,11090.011087.0,12792.011088.0,11094.011089.0,11096.011090.0,278.011090.0,9598.011090.0,11087.011090.0,11089.011091.0,11087.011092.0,11091.011093.0,281.011093.0,11081.011093.0,11094.011094.0,281.011094.0,11084.011094.0,11093.011095.0,55.011095.0,8252.011095.0,9595.011096.0,281.011096.0,11093.011097.0,11092.011097.0,11096.011098.0,8046.011098.0,11095.011099.0,9825.011100.0,11098.011101.0,12569.011102.0,11337.011103.0,24.011103.0,11332.011103.0,11338.011104.0,11101.011105.0,11107.011105.0,11108.011106.0,14.011106.0,11111.011107.0,11109.011107.0,12644.011108.0,15.011108.0,11105.011108.0,11176.011109.0,11105.011110.0,14.011110.0,11121.011111.0,11112.011111.0,11115.011112.0,11110.011113.0,89.011113.0,97.011113.0,11730.011114.0,14.011114.0,11106.011115.0,11119.011115.0,11120.011116.0,89.011116.0,11728.011117.0,89.011117.0,3316.011117.0,11116.011117.0,11122.011117.0,11709.011118.0,15.011118.0,11112.011118.0,11115.011119.0,10965.011119.0,11120.011120.0,3372.011120.0,11177.011121.0,14.011121.0,11743.011122.0,89.011122.0,11702.011123.0,89.011123.0,96.011123.0,97.011123.0,10891.011124.0,96.011124.0,11732.011125.0,121.011125.0,11126.011125.0,11129.011126.0,121.011126.0,11125.011126.0,11130.011127.0,120.011127.0,11128.011128.0,11125.011128.0,11130.011129.0,121.011129.0,11848.011130.0,3349.011130.0,11128.011131.0,10949.011132.0,11136.011133.0,92.011133.0,10762.011133.0,12265.011134.0,92.011134.0,11139.011135.0,10761.011135.0,11134.011136.0,92.011136.0,11133.011137.0,10317.011137.0,10882.011138.0,10324.011138.0,11137.011139.0,11007.011139.0,11138.011140.0,3532.011141.0,11661.011142.0,11143.011143.0,11141.011143.0,11957.011144.0,10817.011144.0,11143.011145.0,204.011145.0,11146.011145.0,11152.011146.0,204.011146.0,11145.011146.0,11150.011147.0,11149.011148.0,12804.011149.0,204.011149.0,11145.011149.0,11150.011150.0,204.011150.0,3547.011150.0,11149.011151.0,11146.011151.0,11148.011151.0,11152.011152.0,11151.011152.0,11155.011152.0,12802.011153.0,11152.011153.0,11154.011154.0,12454.011155.0,11153.011156.0,214.011156.0,11773.011157.0,216.011157.0,11156.011157.0,12890.011158.0,224.011158.0,10826.011159.0,10530.011159.0,10827.011159.0,12964.011160.0,18.011160.0,12352.011160.0,12536.011161.0,11162.011161.0,11165.011162.0,11161.011162.0,11164.011163.0,7897.011163.0,11161.011164.0,296.011164.0,11168.011165.0,11163.011166.0,18.011166.0,11160.011166.0,12520.011167.0,18.011167.0,11160.011168.0,12234.011169.0,210.011169.0,11173.011169.0,11774.011170.0,11172.011171.0,194.011171.0,3540.011171.0,12788.011172.0,212.011172.0,11169.011173.0,210.011173.0,10126.011173.0,11832.011174.0,210.011174.0,11169.011174.0,11173.011175.0,15.011175.0,11186.011176.0,15.011176.0,11108.011176.0,11118.011176.0,11178.011177.0,11118.011177.0,11178.011178.0,15.011178.0,11175.011178.0,11176.011178.0,12841.011179.0,11182.011180.0,3359.011181.0,12.011181.0,11286.011181.0,11295.011182.0,3361.011182.0,11292.011183.0,11181.011184.0,11178.011185.0,11176.011185.0,11186.011186.0,11185.011186.0,12846.011187.0,223.011187.0,11189.011188.0,7676.011188.0,11187.011189.0,223.011189.0,11190.011190.0,12889.011191.0,10866.011191.0,11194.011192.0,11191.011193.0,7681.011193.0,11188.011194.0,11193.011195.0,10304.011195.0,10307.011195.0,11233.011196.0,11209.011196.0,11215.011197.0,11201.011197.0,11215.011198.0,11211.011198.0,11212.011199.0,11200.011199.0,11202.011200.0,11198.011200.0,11199.011201.0,11197.011201.0,11206.011202.0,11197.011202.0,11205.011203.0,30.011203.0,42.011203.0,12348.011204.0,11214.011204.0,11218.011205.0,11200.011205.0,11202.011206.0,11205.011207.0,30.011207.0,11203.011208.0,11207.011209.0,11050.011209.0,11196.011210.0,1081.011210.0,11217.011211.0,11213.011211.0,12798.011212.0,11198.011212.0,11199.011213.0,11211.011213.0,11212.011213.0,12808.011214.0,11204.011214.0,11208.011215.0,11196.011215.0,11214.011215.0,11218.011216.0,30.011216.0,11204.011217.0,11318.011218.0,11201.011218.0,11210.011218.0,11215.011219.0,28.011219.0,29.011219.0,463.011219.0,11319.011220.0,11243.011221.0,28.011221.0,29.011221.0,463.011221.0,11219.011221.0,11222.011221.0,11227.011222.0,463.011222.0,11220.011222.0,11224.011222.0,11228.011222.0,11862.011223.0,11227.011224.0,28.011224.0,29.011224.0,11219.011224.0,11221.011225.0,11223.011226.0,11230.011227.0,28.011227.0,29.011227.0,3827.011227.0,11221.011227.0,11226.011228.0,11222.011228.0,11536.011229.0,11228.011230.0,3344.011231.0,463.011231.0,11222.011232.0,461.011232.0,3345.011232.0,11234.011233.0,11040.011234.0,461.011234.0,11232.011234.0,11524.011234.0,11528.011235.0,11236.011236.0,3345.011236.0,11229.011236.0,11238.011237.0,11234.011238.0,462.011238.0,3823.011238.0,11236.011238.0,11244.011239.0,11048.011240.0,11239.011241.0,11242.011242.0,11249.011243.0,464.011243.0,11048.011243.0,11231.011243.0,11241.011244.0,462.011244.0,3862.011244.0,11238.011244.0,11246.011245.0,11240.011246.0,11245.011247.0,11244.011248.0,462.011248.0,11238.011249.0,11248.011250.0,11257.011251.0,11269.011251.0,12683.011251.0,12966.011252.0,11265.011253.0,11257.011253.0,11258.011254.0,35.011254.0,11259.011254.0,11267.011255.0,11254.011255.0,11264.011256.0,11253.011257.0,11253.011257.0,11270.011258.0,11261.011258.0,12672.011259.0,35.011259.0,10238.011260.0,35.011260.0,11264.011261.0,11250.011262.0,12673.011263.0,11256.011263.0,11266.011264.0,11255.011264.0,11263.011265.0,11261.011265.0,12672.011266.0,11255.011266.0,11263.011267.0,11254.011267.0,11260.011268.0,11267.011269.0,10254.011269.0,11251.011269.0,12966.011270.0,11266.011270.0,11310.011271.0,37.011271.0,12860.011272.0,11305.011272.0,11314.011273.0,11274.011273.0,11814.011274.0,526.011274.0,11273.011274.0,11284.011274.0,11285.011275.0,11306.011276.0,12.011276.0,11025.011276.0,11279.011277.0,6276.011277.0,11284.011277.0,11814.011278.0,12.011278.0,11287.011279.0,12.011279.0,11180.011279.0,11287.011280.0,525.011280.0,1082.011280.0,11275.011280.0,11825.011281.0,33.011281.0,526.011281.0,11288.011281.0,11824.011282.0,3357.011283.0,11282.011283.0,12544.011284.0,526.011284.0,11274.011284.0,11277.011284.0,11285.011285.0,33.011285.0,526.011285.0,11274.011285.0,11284.011285.0,11288.011286.0,12.011286.0,11276.011287.0,11181.011287.0,11286.011288.0,33.011288.0,526.011288.0,11281.011288.0,11285.011290.0,11061.011290.0,11294.011291.0,11292.011292.0,11182.011292.0,11289.011292.0,11295.011293.0,3.011293.0,3336.011293.0,11297.011293.0,12313.011294.0,41.011294.0,11296.011294.0,12488.011295.0,11183.011295.0,12364.011296.0,11290.011296.0,11293.011297.0,11290.011298.0,32.011298.0,34.011298.0,11301.011298.0,11358.011299.0,6226.011299.0,11364.011300.0,11303.011300.0,11870.011301.0,34.011301.0,11298.011301.0,11302.011302.0,11303.011302.0,11870.011303.0,11298.011303.0,11302.011304.0,11262.011304.0,11305.011304.0,11310.011305.0,11272.011305.0,11304.011305.0,11312.011306.0,11280.011306.0,12859.011307.0,11313.011308.0,11310.011309.0,11313.011310.0,11270.011310.0,11304.011310.0,11309.011310.0,11311.011311.0,34.011311.0,11310.011311.0,11823.011312.0,11305.011312.0,11317.011313.0,11308.011313.0,11867.011314.0,36.011314.0,12913.011315.0,11312.011316.0,12870.011317.0,11316.011318.0,11210.011318.0,11320.011319.0,12357.011320.0,11861.011321.0,12604.011322.0,12792.011323.0,12867.011324.0,11321.011324.0,12595.011324.0,12777.011325.0,11324.011326.0,11330.011327.0,24.011327.0,11328.011327.0,11331.011328.0,24.011328.0,11327.011328.0,11341.011329.0,11335.011329.0,11336.011330.0,11336.011330.0,11775.011331.0,11104.011331.0,11337.011332.0,19.011332.0,11333.011332.0,11340.011333.0,19.011333.0,24.011333.0,11327.011333.0,11341.011334.0,214.011334.0,215.011334.0,11339.011334.0,12247.011335.0,12245.011336.0,11329.011336.0,11330.011337.0,11328.011337.0,11331.011338.0,11068.011338.0,11078.011339.0,214.011339.0,12235.011340.0,19.011340.0,11332.011340.0,11338.011341.0,24.011341.0,11333.011341.0,11340.011342.0,11343.011343.0,11352.011344.0,11349.011345.0,11344.011346.0,8050.011347.0,8058.011347.0,11349.011348.0,11347.011349.0,11345.011349.0,11348.011350.0,21.011350.0,12615.011351.0,11349.011352.0,11353.011353.0,25.011353.0,12242.011353.0,12927.011354.0,11357.011354.0,11362.011355.0,11356.011355.0,11378.011356.0,11354.011356.0,11355.011357.0,11354.011357.0,11355.011358.0,34.011358.0,11359.011358.0,11360.011358.0,11823.011359.0,11301.011359.0,11358.011359.0,11364.011360.0,11357.011361.0,32.011361.0,11359.011362.0,32.011362.0,11359.011363.0,6228.011363.0,11370.011364.0,32.011364.0,11361.011364.0,11365.011365.0,32.011365.0,11299.011366.0,11356.011366.0,11377.011367.0,11369.011367.0,11372.011368.0,12515.011369.0,11366.011369.0,11367.011370.0,11363.011370.0,11369.011370.0,11372.011371.0,11367.011372.0,11370.011372.0,11373.011372.0,11817.011373.0,11370.011373.0,11374.011374.0,5566.011374.0,11373.011375.0,7.011375.0,11376.011375.0,11738.011376.0,11696.011377.0,11366.011377.0,11371.011378.0,11377.011379.0,11381.011380.0,11386.011380.0,11387.011381.0,11390.011381.0,11467.011382.0,12734.011383.0,11449.011384.0,133.011384.0,11458.011384.0,11462.011385.0,11380.011385.0,11382.011386.0,11380.011386.0,11382.011387.0,3923.011387.0,11388.011388.0,11386.011388.0,11387.011389.0,11596.011390.0,11383.011390.0,11389.011391.0,135.011391.0,11384.011392.0,502.011392.0,503.011392.0,3445.011392.0,11393.011392.0,12286.011393.0,502.011393.0,11974.011394.0,497.011394.0,11482.011395.0,497.011395.0,10584.011396.0,496.011396.0,10534.011396.0,11482.011397.0,1092.011398.0,11399.011399.0,11407.011400.0,11401.011401.0,12041.011402.0,12106.011403.0,11410.011404.0,11405.011404.0,12041.011405.0,11404.011405.0,11491.011406.0,512.011406.0,11407.011406.0,11971.011407.0,3402.011407.0,11406.011407.0,11411.011407.0,11980.011408.0,3435.011408.0,11400.011409.0,3431.011409.0,11408.011410.0,3433.011410.0,11409.011411.0,512.011411.0,11407.011411.0,12119.011412.0,10365.011412.0,10371.011412.0,11939.011413.0,146.011413.0,10367.011413.0,11416.011413.0,11946.011414.0,146.011414.0,10365.011414.0,11413.011415.0,147.011415.0,11946.011415.0,12070.011416.0,12070.011417.0,151.011417.0,11423.011418.0,10660.011418.0,10671.011418.0,11422.011420.0,151.011420.0,152.011420.0,11422.011421.0,11423.011422.0,11418.011422.0,11419.011422.0,11421.011423.0,151.011423.0,11424.011423.0,11429.011424.0,151.011424.0,11420.011425.0,184.011425.0,10664.011425.0,10675.011426.0,11425.011426.0,11430.011427.0,11428.011428.0,10745.011429.0,12066.011430.0,11426.011430.0,11444.011431.0,184.011431.0,11425.011431.0,11430.011432.0,11426.011433.0,11913.011434.0,483.011434.0,10633.011435.0,10662.011435.0,11436.011436.0,11435.011436.0,11440.011437.0,183.011437.0,3889.011437.0,10432.011437.0,11446.011437.0,12968.011438.0,10378.011438.0,11441.011438.0,11447.011439.0,11435.011439.0,11440.011440.0,10674.011440.0,11439.011441.0,10383.011441.0,11438.011441.0,11924.011442.0,10383.011443.0,1083.011444.0,183.011444.0,11437.011445.0,488.011445.0,1090.011446.0,183.011446.0,11432.011447.0,11443.011448.0,3855.011449.0,11467.011450.0,133.011450.0,11456.011450.0,11464.011451.0,10732.011452.0,10732.011453.0,134.011453.0,10710.011454.0,10730.011455.0,11451.011455.0,11454.011456.0,133.011456.0,11463.011456.0,11927.011457.0,11459.011458.0,11591.011459.0,11455.011459.0,11556.011460.0,134.011460.0,11465.011461.0,134.011461.0,11463.011462.0,11463.011462.0,11927.011463.0,10702.011463.0,11458.011463.0,11462.011464.0,11453.011464.0,11465.011465.0,11456.011465.0,11464.011466.0,10701.011467.0,11459.011467.0,11466.011468.0,225.011468.0,10533.011468.0,11469.011468.0,12320.011469.0,225.011469.0,11468.011469.0,11589.011470.0,11589.011471.0,225.011471.0,11585.011472.0,11470.011473.0,11471.011474.0,489.011474.0,1643.011474.0,11475.011475.0,489.011475.0,1072.011475.0,10552.011475.0,11474.011476.0,10551.011477.0,10565.011478.0,10512.011479.0,11478.011480.0,11476.011481.0,1622.011481.0,11477.011482.0,497.011482.0,10513.011482.0,11395.011482.0,11396.011482.0,11485.011483.0,11484.011484.0,497.011484.0,11482.011485.0,10308.011485.0,11482.011486.0,11886.011487.0,11492.011488.0,11405.011489.0,11495.011489.0,12052.011490.0,513.011490.0,12115.011491.0,11489.011492.0,11494.011492.0,11496.011493.0,513.011493.0,11651.011494.0,11497.011494.0,12112.011495.0,11488.011495.0,11489.011496.0,11486.011496.0,11492.011497.0,11496.011498.0,10559.011499.0,10567.011500.0,11507.011501.0,12086.011502.0,506.011502.0,10594.011503.0,12110.011504.0,12929.011505.0,11506.011505.0,11508.011506.0,11505.011506.0,11512.011507.0,11500.011507.0,11503.011507.0,11513.011508.0,10595.011509.0,473.011509.0,11511.011509.0,11514.011510.0,11506.011511.0,473.011511.0,12049.011511.0,12930.011512.0,11511.011512.0,11514.011512.0,12032.011513.0,11504.011513.0,11507.011513.0,11514.011514.0,11505.011514.0,11512.011514.0,11513.011515.0,501.011515.0,11499.011516.0,12025.011517.0,10558.011518.0,494.011518.0,10517.011518.0,10557.011518.0,12055.011519.0,494.011519.0,10558.011520.0,494.011520.0,11518.011521.0,1085.011521.0,12956.011522.0,5758.011522.0,11523.011522.0,11524.011523.0,3346.011523.0,11522.011523.0,11524.011524.0,11237.011524.0,11522.011524.0,11523.011525.0,11530.011525.0,11535.011526.0,11529.011527.0,11530.011527.0,11534.011528.0,461.011528.0,11234.011528.0,11533.011529.0,461.011529.0,11528.011530.0,10604.011530.0,12141.011531.0,11532.011532.0,11526.011533.0,3810.011534.0,11538.011535.0,10623.011535.0,11525.011535.0,11879.011536.0,11537.011537.0,11235.011538.0,11535.011539.0,492.011539.0,10495.011540.0,492.011540.0,3480.011541.0,102.011541.0,11545.011542.0,102.011542.0,11541.011543.0,102.011543.0,11542.011544.0,102.011544.0,3335.011545.0,11547.011545.0,11553.011546.0,11548.011546.0,11549.011547.0,11561.011548.0,12535.011548.0,12559.011549.0,11547.011550.0,11546.011550.0,11557.011551.0,11550.011552.0,11548.011552.0,11549.011553.0,11552.011554.0,11546.011555.0,10764.011555.0,10767.011555.0,11558.011556.0,11587.011557.0,11737.011558.0,11559.011559.0,11544.011559.0,11545.011560.0,11555.011561.0,11559.011561.0,11560.011562.0,11566.011562.0,11572.011563.0,11569.011564.0,10184.011564.0,11578.011565.0,11571.011565.0,11577.011566.0,11562.011566.0,11575.011567.0,111.011567.0,11562.011568.0,111.011568.0,11567.011568.0,11574.011569.0,11564.011569.0,11568.011570.0,7860.011570.0,9192.011570.0,11580.011571.0,11569.011571.0,11846.011572.0,11570.011573.0,11563.011574.0,111.011574.0,11564.011574.0,11568.011575.0,111.011575.0,11574.011576.0,12523.011577.0,11565.011577.0,11679.011578.0,11571.011578.0,11577.011579.0,11570.011580.0,11576.011581.0,130.011581.0,11473.011582.0,130.011582.0,11584.011583.0,164.011583.0,12402.011584.0,11459.011585.0,130.011585.0,11587.011586.0,130.011586.0,11581.011587.0,130.011587.0,11582.011587.0,11586.011588.0,135.011588.0,11391.011589.0,1084.011589.0,10724.011589.0,11590.011590.0,10727.011590.0,11592.011591.0,11588.011591.0,11595.011592.0,127.011592.0,10721.011592.0,11457.011593.0,135.011593.0,11588.011594.0,135.011594.0,11593.011595.0,135.011595.0,11597.011596.0,11594.011597.0,11383.011598.0,10736.011598.0,11926.011599.0,11598.011599.0,11608.011600.0,132.011600.0,11379.011600.0,11602.011601.0,132.011601.0,138.011601.0,11605.011601.0,12710.011602.0,132.011602.0,12705.011603.0,11601.011603.0,11606.011604.0,11603.011605.0,138.011605.0,11601.011605.0,11607.011606.0,11598.011606.0,11603.011607.0,11606.011608.0,11603.011609.0,132.011609.0,11600.011610.0,11611.011610.0,11624.011611.0,206.011611.0,11616.011611.0,12449.011612.0,205.011612.0,11623.011612.0,12450.011613.0,201.011613.0,205.011613.0,11618.011613.0,11621.011614.0,11565.011615.0,113.011615.0,200.011615.0,11851.011616.0,11611.011616.0,11624.011617.0,197.011617.0,3520.011617.0,11760.011618.0,201.011618.0,205.011618.0,11613.011618.0,11853.011619.0,200.011619.0,11626.011620.0,11616.011620.0,12449.011621.0,11620.011622.0,205.011622.0,11618.011623.0,205.011623.0,11622.011623.0,11628.011624.0,11610.011624.0,12812.011625.0,11612.011625.0,12443.011626.0,11627.011627.0,10283.011627.0,10966.011627.0,11615.011627.0,11672.011628.0,11621.011628.0,11622.011629.0,11636.011629.0,11639.011630.0,469.011630.0,3421.011630.0,11647.011631.0,11640.011631.0,11646.011632.0,11629.011633.0,11638.011633.0,11642.011634.0,3419.011634.0,11633.011635.0,11632.011635.0,12478.011636.0,11629.011636.0,11635.011637.0,11631.011638.0,11637.011639.0,11637.011639.0,11642.011640.0,11636.011640.0,11639.011641.0,12476.011642.0,3428.011642.0,11641.011643.0,12943.011643.0,12945.011644.0,11640.011645.0,11644.011646.0,11643.011647.0,469.011647.0,3415.011647.0,11634.011648.0,10601.011649.0,12117.011650.0,513.011650.0,11649.011651.0,513.011651.0,11490.011651.0,11650.011652.0,10604.011653.0,513.011653.0,11651.011654.0,11658.011654.0,11694.011655.0,11654.011656.0,192.011656.0,11655.011656.0,11657.011657.0,11656.011657.0,11663.011658.0,11654.011658.0,11657.011659.0,191.011659.0,11665.011659.0,11669.011660.0,191.011660.0,11659.011661.0,11140.011662.0,192.011662.0,10950.011662.0,11656.011662.0,11663.011663.0,192.011663.0,3312.011663.0,11662.011663.0,11671.011664.0,191.011664.0,10950.011664.0,11665.011664.0,11669.011665.0,191.011665.0,11664.011665.0,11956.011666.0,11143.011667.0,192.011667.0,11662.011667.0,11671.011668.0,11667.011669.0,191.011669.0,11659.011669.0,11668.011670.0,11660.011671.0,11667.011671.0,11670.011672.0,112.011672.0,11627.011672.0,11673.011672.0,11678.011673.0,113.011673.0,11689.011674.0,11676.011674.0,11685.011675.0,112.011675.0,3367.011675.0,11678.011676.0,11674.011676.0,11686.011677.0,10280.011678.0,112.011678.0,3367.011678.0,11672.011678.0,11677.011679.0,11690.011680.0,10980.011680.0,11658.011680.0,11694.011681.0,11674.011681.0,11684.011682.0,11681.011683.0,10940.011684.0,11681.011684.0,11683.011685.0,11687.011686.0,11684.011687.0,11680.011687.0,11693.011688.0,11676.011689.0,113.011689.0,11614.011689.0,11690.011689.0,11852.011690.0,113.011690.0,10910.011690.0,11675.011690.0,11689.011691.0,197.011691.0,11692.011692.0,197.011692.0,11759.011693.0,11687.011693.0,11688.011694.0,10946.011694.0,11680.011694.0,11693.011695.0,6.011695.0,11009.011695.0,11017.011695.0,11717.011695.0,11724.011696.0,5.011696.0,11697.011696.0,11700.011697.0,5.011697.0,11696.011697.0,11744.011698.0,5.011698.0,11697.011698.0,11700.011698.0,11713.011699.0,11698.011699.0,11725.011700.0,11699.011701.0,11709.011702.0,3317.011703.0,10894.011704.0,1.011704.0,11695.011704.0,11706.011704.0,11708.011705.0,11701.011706.0,11709.011707.0,2.011707.0,10892.011707.0,11704.011707.0,11705.011707.0,11725.011708.0,1.011708.0,11707.011709.0,11117.011709.0,11704.011709.0,11707.011710.0,3330.011711.0,2.011711.0,11707.011712.0,13.011712.0,11713.011713.0,10894.011713.0,11698.011713.0,11715.011714.0,2.011714.0,5.011714.0,11707.011715.0,11716.011715.0,11726.011716.0,10956.011716.0,11720.011716.0,11727.011717.0,1.011717.0,6.011717.0,11704.011718.0,98.011718.0,99.011718.0,11720.011719.0,98.011719.0,10893.011720.0,11716.011720.0,11721.011721.0,10958.011721.0,11719.011721.0,11720.011722.0,11847.011723.0,98.011723.0,11721.011724.0,6.011724.0,8.011724.0,11695.011724.0,11725.011725.0,5.011725.0,11698.011725.0,11703.011725.0,11714.011725.0,11724.011726.0,10957.011726.0,11713.011727.0,11716.011727.0,11726.011728.0,11124.011728.0,11730.011728.0,11736.011729.0,11731.011730.0,11117.011730.0,11123.011730.0,11728.011731.0,11732.011731.0,11735.011732.0,3321.011732.0,11728.011732.0,11731.011733.0,3327.011733.0,11729.011733.0,11737.011734.0,96.011734.0,11730.011735.0,11733.011736.0,96.011736.0,10758.011737.0,11554.011737.0,11733.011738.0,11375.011738.0,11746.011739.0,11114.011739.0,11368.011739.0,11743.011740.0,11375.011740.0,11745.011741.0,11029.011741.0,11740.011742.0,3355.011742.0,11741.011743.0,11739.011743.0,11742.011743.0,12644.011744.0,7.011744.0,11738.011745.0,11739.011745.0,11742.011746.0,11745.011747.0,197.011747.0,11755.011747.0,11759.011748.0,11766.011748.0,11769.011749.0,11756.011749.0,11758.011750.0,12786.011751.0,11750.011751.0,11752.011752.0,11750.011752.0,11756.011753.0,11761.011753.0,11768.011754.0,12795.011755.0,11747.011755.0,11748.011756.0,11752.011756.0,11755.011756.0,11759.011757.0,11767.011757.0,11769.011758.0,11749.011758.0,11754.011759.0,11131.011759.0,11756.011759.0,11758.011760.0,3525.011760.0,11757.011761.0,11617.011761.0,11760.011762.0,11765.011763.0,11751.011763.0,11753.011764.0,10207.011765.0,3549.011765.0,11772.011766.0,11747.011767.0,11766.011768.0,11751.011768.0,11753.011769.0,11761.011769.0,11768.011770.0,11749.011771.0,11783.011772.0,11771.011772.0,12431.011773.0,11775.011774.0,11775.011774.0,11778.011774.0,12438.011775.0,11170.011775.0,11326.011775.0,11774.011776.0,12431.011777.0,216.011777.0,11780.011778.0,11777.011778.0,12895.011779.0,11776.011780.0,209.011780.0,11785.011780.0,12894.011781.0,11779.011782.0,209.011782.0,11786.011782.0,11908.011783.0,209.011783.0,11782.011783.0,11789.011784.0,3537.011785.0,209.011785.0,11781.011785.0,11783.011786.0,209.011786.0,11785.011786.0,12894.011787.0,11772.011788.0,208.011788.0,11797.011789.0,11782.011789.0,11801.011790.0,208.011790.0,11789.011791.0,208.011791.0,11784.011791.0,11788.011792.0,12718.011793.0,208.011793.0,12851.011793.0,12892.011794.0,208.011794.0,11797.011795.0,11793.011795.0,11797.011796.0,211.011796.0,1086.011797.0,11791.011797.0,11795.011797.0,12821.011798.0,212.011798.0,11802.011798.0,11843.011799.0,11804.011800.0,12718.011801.0,11805.011802.0,210.011802.0,212.011802.0,9501.011802.0,11174.011803.0,11799.011804.0,11790.011805.0,11800.011806.0,1096.011806.0,11813.011807.0,11811.011808.0,11813.011809.0,11808.011810.0,11841.011811.0,11810.011812.0,211.011812.0,11829.011812.0,12452.011813.0,11806.011813.0,11807.011814.0,11273.011814.0,11277.011814.0,11819.011815.0,7825.011816.0,11838.011817.0,33.011817.0,11819.011817.0,11821.011818.0,12434.011819.0,33.011819.0,11814.011819.0,11817.011820.0,525.011820.0,11281.011821.0,11372.011822.0,11823.011822.0,11825.011823.0,34.011823.0,11311.011823.0,11358.011823.0,11822.011824.0,11820.011824.0,11822.011825.0,11280.011825.0,11824.011826.0,11827.011827.0,211.011827.0,10208.011827.0,11796.011827.0,11829.011828.0,11806.011829.0,211.011829.0,11827.011829.0,11836.011829.0,11837.011830.0,10981.011830.0,11842.011831.0,11833.011832.0,11831.011832.0,11841.011833.0,11828.011834.0,210.011834.0,212.011834.0,11843.011835.0,207.011835.0,11844.011835.0,12445.011836.0,11826.011836.0,11835.011837.0,7823.011838.0,11829.011839.0,11830.011840.0,11834.011841.0,11174.011841.0,11840.011842.0,11126.011842.0,11848.011843.0,212.011843.0,11798.011843.0,11812.011844.0,11815.011845.0,201.011845.0,10985.011845.0,11853.011846.0,201.011846.0,11845.011846.0,11852.011847.0,11136.011848.0,11850.011848.0,11858.011849.0,11845.011850.0,11830.011850.0,12015.011851.0,10986.011851.0,10987.011851.0,11852.011852.0,11619.011852.0,11689.011852.0,11851.011853.0,11854.011853.0,12518.011854.0,11573.011854.0,11846.011855.0,118.011855.0,12009.011855.0,12016.011855.0,12640.011856.0,11850.011857.0,11856.011858.0,12639.011859.0,1003.011859.0,11860.011860.0,27.011860.0,3828.011860.0,11859.011861.0,11222.011862.0,463.011862.0,11318.011863.0,11221.011864.0,31.011864.0,11307.011864.0,11867.011865.0,11864.011865.0,11869.011866.0,31.011866.0,11300.011867.0,31.011867.0,11866.011867.0,11868.011868.0,31.011868.0,11871.011869.0,31.011869.0,10234.011869.0,11865.011870.0,11300.011870.0,11868.011871.0,11864.011871.0,11869.011872.0,516.011872.0,11876.011872.0,12131.011873.0,516.011873.0,12723.011874.0,516.011874.0,10301.011874.0,11875.011875.0,11874.011875.0,12727.011876.0,516.011876.0,11872.011876.0,11873.011877.0,516.011877.0,11872.011878.0,11877.011879.0,10265.011879.0,11882.011880.0,10602.011880.0,12133.011881.0,458.011881.0,11879.011882.0,11535.011883.0,515.011883.0,11195.011884.0,515.011884.0,11883.011884.0,12971.011885.0,514.011885.0,11978.011886.0,11880.011887.0,512.011887.0,11890.011888.0,11899.011889.0,12116.011890.0,10300.011891.0,511.011891.0,11899.011892.0,511.011892.0,11900.011893.0,11895.011893.0,11897.011894.0,508.011894.0,5798.011894.0,11893.011894.0,11976.011895.0,508.011895.0,11894.011896.0,511.011896.0,11902.011897.0,11900.011897.0,11963.011897.0,11975.011898.0,511.011898.0,11969.011899.0,10303.011899.0,11889.011899.0,11898.011899.0,11902.011900.0,11893.011900.0,11896.011900.0,11897.011901.0,11900.011902.0,511.011902.0,11892.011902.0,11899.011903.0,12224.011904.0,11903.011904.0,11910.011905.0,11786.011906.0,11905.011906.0,11907.011907.0,11904.011907.0,11906.011907.0,12196.011908.0,11907.011909.0,11906.011910.0,11904.011910.0,11909.011911.0,11943.011912.0,482.011912.0,11916.011913.0,483.011913.0,10634.011913.0,11434.011913.0,11912.011914.0,474.011914.0,1089.011914.0,10636.011915.0,482.011915.0,11913.011916.0,482.011916.0,11918.011917.0,482.011917.0,11915.011918.0,482.011918.0,11917.011919.0,485.011919.0,488.011919.0,3463.011919.0,11445.011919.0,11925.011920.0,3464.011921.0,486.011921.0,487.011921.0,10497.011921.0,10516.011921.0,12953.011922.0,474.011922.0,11914.011923.0,10504.011923.0,11922.011923.0,11944.011924.0,485.011924.0,11919.011925.0,485.011925.0,11442.011926.0,3858.011926.0,11450.011927.0,11599.011927.0,11926.011928.0,177.011928.0,471.011928.0,11933.011929.0,177.011929.0,10778.011930.0,12903.011931.0,471.011931.0,10780.011931.0,10877.011931.0,11930.011932.0,177.011932.0,11929.011933.0,177.011933.0,10777.011934.0,11932.011935.0,154.011935.0,11936.011936.0,154.011936.0,10372.011936.0,10406.011936.0,11938.011937.0,11938.011938.0,11939.011938.0,11942.011938.0,12075.011939.0,11412.011939.0,11938.011939.0,11947.011940.0,12077.011941.0,146.011941.0,10367.011942.0,154.011942.0,11936.011943.0,485.011943.0,1088.011943.0,10377.011944.0,488.011944.0,11919.011945.0,11415.011946.0,146.011946.0,11413.011946.0,11414.011946.0,11939.011947.0,11946.011948.0,11415.011948.0,12072.011949.0,11952.011949.0,12175.011950.0,11949.011950.0,11957.011951.0,3262.011951.0,10817.011952.0,10814.011952.0,11951.011953.0,11949.011954.0,10976.011955.0,11954.011956.0,11953.011956.0,11957.011957.0,11142.011957.0,11664.011958.0,12007.011958.0,12008.011959.0,11958.011960.0,11961.011961.0,10979.011961.0,11959.011962.0,509.011962.0,510.011962.0,11963.011962.0,11964.011962.0,11966.011963.0,509.011963.0,11901.011963.0,11962.011963.0,11968.011964.0,509.011964.0,11966.011965.0,510.011965.0,11962.011966.0,510.011966.0,11962.011966.0,11965.011966.0,11983.011967.0,508.011967.0,510.011967.0,11897.011968.0,509.011968.0,11963.011968.0,11971.011969.0,509.011969.0,11891.011969.0,11968.011969.0,11971.011970.0,11406.011971.0,11969.011971.0,11970.011971.0,12120.011972.0,11973.011972.0,12137.011973.0,11972.011973.0,11978.011974.0,1091.011974.0,11975.011974.0,11977.011975.0,11967.011975.0,11974.011975.0,11977.011976.0,11894.011976.0,11977.011977.0,11974.011977.0,11975.011977.0,11976.011978.0,514.011978.0,515.011978.0,11979.011978.0,12134.011979.0,514.011979.0,515.011979.0,11972.011979.0,11978.011980.0,11981.011981.0,11983.011982.0,10606.011983.0,10605.011983.0,11966.011983.0,11982.011984.0,10881.011985.0,3310.011985.0,10880.011985.0,11984.011986.0,90.011986.0,11987.011987.0,86.011987.0,90.011987.0,11003.011987.0,11988.011987.0,12003.011988.0,87.011988.0,90.011988.0,11989.011989.0,11985.011989.0,11986.011990.0,86.011990.0,12002.011990.0,12003.011991.0,87.011991.0,11999.011992.0,11991.011992.0,11995.011993.0,87.011993.0,11998.011993.0,12006.011994.0,11993.011994.0,12002.011995.0,11991.011995.0,12000.011996.0,11995.011996.0,12960.011997.0,11999.011997.0,12000.011998.0,87.011998.0,12005.011999.0,12935.012000.0,12001.012000.0,12004.012001.0,11996.012002.0,10883.012002.0,11990.012002.0,11994.012003.0,86.012003.0,11987.012003.0,11990.012004.0,87.012004.0,12005.012004.0,12006.012005.0,12001.012005.0,12004.012006.0,11993.012006.0,12002.012007.0,11961.012008.0,11955.012008.0,11958.012008.0,12009.012009.0,12008.012009.0,12010.012009.0,12011.012010.0,12013.012011.0,118.012011.0,11855.012012.0,117.012012.0,10160.012013.0,117.012013.0,12012.012014.0,117.012014.0,12013.012014.0,12017.012015.0,10975.012015.0,10978.012015.0,12016.012016.0,11855.012016.0,12015.012017.0,12008.012018.0,217.012018.0,12019.012019.0,10952.012019.0,12020.012020.0,12885.012021.0,479.012021.0,12029.012022.0,473.012022.0,12031.012022.0,12046.012023.0,12024.012023.0,12038.012024.0,12022.012024.0,12023.012025.0,11516.012025.0,12026.012025.0,12033.012026.0,10686.012026.0,12025.012026.0,12929.012027.0,12032.012028.0,12024.012028.0,12038.012029.0,12027.012030.0,12040.012031.0,473.012031.0,12022.012031.0,12023.012032.0,11512.012032.0,12035.012032.0,12168.012033.0,12028.012034.0,479.012034.0,12025.012034.0,12028.012035.0,12030.012035.0,12032.012036.0,10694.012036.0,12034.012037.0,12021.012037.0,12039.012038.0,12036.012038.0,12037.012039.0,12036.012040.0,12021.012040.0,12039.012041.0,3441.012041.0,11404.012041.0,12042.012042.0,12122.012043.0,3441.012044.0,12934.012045.0,467.012045.0,12048.012046.0,473.012046.0,11509.012046.0,12950.012047.0,467.012047.0,12766.012048.0,467.012048.0,12047.012049.0,12031.012049.0,12046.012050.0,489.012050.0,11475.012051.0,517.012051.0,12053.012051.0,12118.012052.0,12109.012053.0,12051.012053.0,12108.012054.0,12053.012054.0,12092.012055.0,494.012055.0,11519.012056.0,12057.012057.0,12073.012057.0,12085.012058.0,12062.012058.0,12082.012059.0,12079.012060.0,12059.012061.0,147.012061.0,12069.012061.0,12083.012062.0,11417.012062.0,12066.012063.0,11945.012063.0,12064.012064.0,12063.012064.0,12065.012065.0,12068.012066.0,12076.012066.0,12078.012067.0,147.012067.0,10358.012067.0,11948.012068.0,12062.012068.0,12082.012069.0,147.012069.0,12061.012069.0,12067.012070.0,12061.012070.0,12067.012071.0,144.012071.0,145.012071.0,12081.012072.0,12064.012073.0,12057.012073.0,12060.012074.0,12073.012075.0,12063.012075.0,12065.012076.0,151.012076.0,10677.012077.0,144.012077.0,10369.012077.0,12080.012077.0,12081.012078.0,12058.012079.0,12084.012080.0,12330.012081.0,10342.012081.0,12074.012081.0,12077.012082.0,11937.012082.0,12075.012083.0,12056.012084.0,12069.012085.0,12077.012086.0,11501.012086.0,12088.012086.0,12090.012087.0,12091.012088.0,12086.012088.0,12114.012088.0,12124.012089.0,517.012089.0,12088.012090.0,10598.012090.0,12086.012090.0,12091.012091.0,10595.012091.0,12087.012091.0,12090.012092.0,11403.012092.0,12054.012092.0,12106.012093.0,12098.012093.0,12100.012094.0,12104.012094.0,12116.012095.0,12735.012095.0,12736.012096.0,12092.012096.0,12105.012097.0,12098.012097.0,12100.012098.0,12095.012098.0,12097.012099.0,517.012099.0,12051.012099.0,12108.012100.0,12093.012100.0,12094.012101.0,12097.012102.0,12103.012103.0,10582.012104.0,12093.012104.0,12094.012105.0,12096.012105.0,12107.012106.0,10592.012106.0,12092.012106.0,12105.012107.0,12111.012107.0,12113.012108.0,12096.012108.0,12107.012109.0,12054.012109.0,12118.012110.0,467.012110.0,11507.012110.0,12045.012110.0,12121.012111.0,12099.012112.0,11495.012112.0,12109.012113.0,12111.012113.0,12114.012114.0,517.012114.0,10598.012114.0,12089.012114.0,12113.012115.0,11653.012115.0,12124.012116.0,11887.012116.0,12119.012116.0,12120.012117.0,11497.012117.0,12112.012118.0,11493.012118.0,12117.012119.0,512.012119.0,11411.012119.0,12104.012119.0,12116.012120.0,512.012120.0,11969.012120.0,12119.012121.0,12110.012121.0,12123.012121.0,12498.012122.0,12043.012122.0,12131.012123.0,12115.012123.0,12124.012124.0,12088.012124.0,12110.012124.0,12123.012125.0,3418.012125.0,10265.012126.0,500.012126.0,12285.012127.0,500.012127.0,3306.012128.0,500.012128.0,12126.012129.0,500.012129.0,10608.012130.0,11876.012130.0,12131.012131.0,12122.012131.0,12130.012131.0,12132.012132.0,12139.012133.0,11973.012133.0,12137.012134.0,514.012134.0,11652.012135.0,10602.012135.0,12133.012136.0,12135.012136.0,12138.012137.0,10305.012137.0,12136.012138.0,12130.012139.0,12135.012140.0,514.012140.0,11979.012141.0,12140.012142.0,12144.012142.0,12899.012143.0,44.012143.0,10269.012144.0,11992.012145.0,12697.012146.0,12150.012147.0,12928.012148.0,12153.012149.0,12171.012150.0,12145.012150.0,12159.012150.0,12170.012151.0,10687.012151.0,12154.012151.0,12167.012152.0,476.012152.0,12170.012153.0,476.012153.0,10525.012154.0,472.012154.0,12035.012155.0,10590.012155.0,12147.012156.0,12164.012156.0,12172.012157.0,12156.012158.0,10523.012158.0,12157.012159.0,12155.012159.0,12160.012160.0,12163.012161.0,12155.012161.0,12160.012162.0,12150.012162.0,12159.012163.0,12162.012163.0,12165.012164.0,12158.012164.0,12166.012165.0,12158.012165.0,12166.012166.0,12162.012166.0,12165.012167.0,12151.012167.0,12152.012168.0,472.012168.0,12167.012169.0,476.012169.0,12149.012170.0,476.012170.0,12146.012170.0,12169.012171.0,12164.012171.0,12172.012172.0,12148.012172.0,12171.012173.0,12845.012174.0,11950.012175.0,12174.012175.0,12176.012176.0,10276.012176.0,12174.012176.0,12873.012177.0,221.012177.0,12179.012177.0,12190.012178.0,12181.012178.0,12186.012179.0,221.012179.0,12177.012179.0,12886.012180.0,220.012180.0,12196.012181.0,10867.012181.0,12188.012182.0,221.012182.0,12419.012183.0,220.012183.0,221.012183.0,12418.012184.0,12186.012185.0,12420.012186.0,12178.012186.0,12185.012187.0,12182.012188.0,12181.012188.0,12186.012188.0,12202.012189.0,221.012189.0,12200.012189.0,12888.012190.0,12183.012190.0,12189.012191.0,219.012191.0,12177.012191.0,12886.012192.0,3530.012192.0,12198.012193.0,12192.012193.0,12197.012194.0,218.012194.0,11907.012195.0,218.012195.0,12194.012196.0,12187.012196.0,12195.012197.0,12173.012198.0,1065.012198.0,12197.012199.0,213.012199.0,12201.012200.0,12204.012201.0,12191.012202.0,12888.012203.0,12184.012204.0,12203.012205.0,12210.012206.0,213.012206.0,12212.012207.0,12208.012207.0,12209.012208.0,12220.012209.0,12208.012209.0,12229.012210.0,213.012210.0,12206.012210.0,12217.012210.0,12248.012211.0,219.012211.0,12207.012211.0,12214.012212.0,213.012212.0,219.012212.0,12211.012213.0,213.012213.0,219.012213.0,12217.012214.0,219.012214.0,12211.012214.0,12213.012215.0,12209.012215.0,12214.012216.0,12199.012217.0,12210.012217.0,12216.012218.0,12223.012219.0,12221.012220.0,12225.012221.0,11903.012221.0,11910.012222.0,12218.012222.0,12221.012223.0,12226.012224.0,12215.012224.0,12222.012225.0,7795.012225.0,7804.012226.0,12848.012227.0,12219.012227.0,12226.012228.0,12210.012229.0,12230.012230.0,12218.012230.0,12222.012231.0,12215.012231.0,12220.012232.0,25.012232.0,12233.012233.0,25.012233.0,12624.012234.0,3948.012234.0,11162.012234.0,12238.012234.0,12246.012235.0,11334.012235.0,12237.012235.0,12238.012236.0,215.012236.0,12238.012237.0,215.012237.0,12255.012238.0,12234.012238.0,12235.012238.0,12246.012239.0,215.012239.0,12236.012240.0,9538.012240.0,12780.012241.0,25.012241.0,12240.012242.0,12232.012243.0,12233.012243.0,12244.012244.0,25.012244.0,12926.012245.0,11329.012245.0,12235.012245.0,12246.012246.0,3558.012246.0,12234.012246.0,12245.012247.0,214.012247.0,11334.012247.0,12248.012248.0,12228.012248.0,12247.012249.0,92.012249.0,10779.012249.0,12262.012250.0,12227.012251.0,12257.012252.0,93.012252.0,12283.012253.0,93.012253.0,12252.012253.0,12284.012254.0,215.012254.0,12239.012255.0,9007.012256.0,12254.012257.0,12250.012258.0,12249.012259.0,1056.012260.0,10762.012260.0,10763.012261.0,12252.012262.0,12276.012262.0,12277.012263.0,222.012263.0,10862.012264.0,222.012264.0,12263.012265.0,10763.012265.0,12260.012265.0,12278.012266.0,12260.012266.0,12278.012267.0,136.012267.0,12273.012267.0,12275.012268.0,12249.012269.0,12271.012270.0,93.012270.0,11448.012270.0,12253.012271.0,3387.012271.0,10807.012271.0,12272.012272.0,12271.012272.0,12282.012273.0,136.012273.0,12280.012274.0,3844.012274.0,12266.012275.0,12261.012275.0,12267.012276.0,12262.012276.0,12268.012277.0,12274.012277.0,12275.012278.0,12276.012278.0,12277.012279.0,12274.012280.0,12279.012281.0,12640.012282.0,12281.012283.0,12270.012283.0,12337.012284.0,12267.012285.0,500.012285.0,12129.012286.0,503.012286.0,12287.012287.0,503.012287.0,10608.012287.0,11392.012288.0,503.012288.0,12287.012289.0,10571.012289.0,10588.012289.0,12696.012290.0,12301.012291.0,12302.012292.0,11103.012292.0,12291.012293.0,11832.012294.0,12302.012294.0,12305.012295.0,9500.012296.0,12290.012296.0,12297.012297.0,12296.012297.0,12299.012298.0,12297.012299.0,12294.012300.0,12298.012300.0,12301.012301.0,12300.012301.0,12572.012302.0,12294.012302.0,12304.012303.0,12296.012304.0,12303.012305.0,12292.012306.0,12365.012307.0,12308.012307.0,12311.012308.0,11053.012308.0,12307.012309.0,12308.012309.0,12311.012310.0,12357.012311.0,12309.012311.0,12317.012312.0,12362.012313.0,3.012313.0,10256.012313.0,11293.012313.0,12314.012314.0,38.012314.0,12365.012315.0,11296.012316.0,12312.012317.0,12347.012318.0,10437.012319.0,11468.012320.0,12321.012321.0,7525.012322.0,143.012322.0,150.012322.0,12325.012322.0,12326.012322.0,12329.012323.0,12322.012324.0,140.012324.0,141.012324.0,10341.012325.0,143.012325.0,150.012325.0,10437.012326.0,143.012326.0,150.012326.0,12322.012326.0,12327.012327.0,10332.012328.0,150.012328.0,10439.012329.0,143.012329.0,12328.012330.0,145.012330.0,10344.012330.0,12071.012330.0,12331.012331.0,145.012331.0,12332.012332.0,140.012332.0,10366.012333.0,12336.012333.0,12345.012334.0,10713.012334.0,12342.012334.0,12343.012335.0,12341.012335.0,12344.012336.0,12333.012336.0,12335.012337.0,93.012337.0,12336.012338.0,165.012338.0,3952.012338.0,12340.012339.0,164.012339.0,12340.012340.0,165.012340.0,10408.012340.0,12338.012341.0,12333.012341.0,12335.012342.0,12341.012343.0,10638.012343.0,12334.012344.0,12343.012345.0,93.012345.0,12270.012346.0,12315.012347.0,10243.012347.0,12353.012348.0,12309.012348.0,12347.012349.0,10244.012349.0,12355.012350.0,12690.012350.0,12818.012351.0,11216.012351.0,12348.012352.0,873.012352.0,11167.012352.0,12363.012353.0,12351.012353.0,12356.012354.0,12310.012354.0,12349.012355.0,12316.012355.0,12358.012356.0,10239.012356.0,12349.012356.0,12357.012357.0,11863.012357.0,12351.012357.0,12356.012358.0,3829.012358.0,12354.012359.0,12358.012360.0,12359.012361.0,7062.012362.0,12361.012363.0,4.012363.0,12364.012364.0,11292.012364.0,11295.012364.0,12352.012364.0,12365.012365.0,11065.012365.0,12313.012365.0,12350.012365.0,12364.012366.0,10997.012367.0,49.012367.0,12376.012367.0,12465.012368.0,48.012368.0,12388.012369.0,470.012369.0,12373.012369.0,12383.012370.0,12369.012371.0,48.012371.0,11013.012372.0,48.012372.0,3377.012372.0,12371.012372.0,12385.012373.0,470.012373.0,12369.012374.0,12366.012374.0,12386.012375.0,3507.012375.0,12374.012376.0,12372.012377.0,49.012377.0,12376.012378.0,12471.012379.0,10884.012379.0,12384.012380.0,10870.012380.0,12370.012381.0,12375.012381.0,12467.012382.0,12902.012383.0,12370.012383.0,12382.012384.0,12142.012385.0,48.012385.0,11035.012385.0,12367.012385.0,12372.012386.0,12381.012387.0,12386.012388.0,12371.012388.0,12385.012389.0,12399.012390.0,12398.012391.0,12393.012391.0,12394.012392.0,12391.012392.0,12400.012393.0,10647.012393.0,12395.012394.0,169.012394.0,12391.012394.0,12401.012395.0,12389.012395.0,12398.012396.0,12390.012397.0,12393.012397.0,12394.012398.0,10486.012398.0,12397.012399.0,10431.012400.0,169.012400.0,10490.012400.0,10492.012401.0,10492.012401.0,12400.012402.0,185.012402.0,3489.012402.0,12405.012402.0,12407.012403.0,186.012403.0,12404.012404.0,186.012404.0,3896.012404.0,12408.012405.0,164.012405.0,3486.012406.0,185.012406.0,12402.012407.0,185.012407.0,10427.012407.0,12402.012408.0,186.012408.0,12407.012409.0,12426.012410.0,12418.012411.0,12410.012412.0,220.012412.0,12419.012412.0,12427.012413.0,12178.012413.0,12420.012414.0,10828.012414.0,12413.012415.0,10864.012415.0,12414.012416.0,12193.012416.0,12422.012417.0,12429.012417.0,12877.012418.0,12189.012418.0,12412.012418.0,12423.012419.0,12180.012419.0,12424.012419.0,12430.012420.0,12415.012420.0,12425.012421.0,12417.012422.0,12416.012422.0,12421.012423.0,12409.012423.0,12418.012423.0,12874.012424.0,12419.012424.0,12428.012425.0,12411.012425.0,12426.012426.0,12415.012426.0,12425.012427.0,220.012427.0,12412.012427.0,12423.012428.0,220.012428.0,12427.012429.0,12416.012429.0,12417.012430.0,12429.012430.0,12877.012431.0,12433.012431.0,12436.012432.0,12442.012433.0,11764.012433.0,11765.012434.0,12435.012435.0,12453.012436.0,12433.012436.0,12438.012437.0,12436.012438.0,11774.012438.0,12437.012439.0,9190.012440.0,206.012440.0,12439.012440.0,12447.012441.0,207.012441.0,10217.012441.0,11796.012442.0,12440.012443.0,11625.012443.0,12524.012444.0,206.012444.0,12455.012444.0,12456.012445.0,10217.012445.0,12452.012446.0,11628.012446.0,12450.012447.0,11620.012447.0,12446.012448.0,12440.012448.0,12447.012449.0,12448.012449.0,12455.012450.0,11612.012450.0,12443.012451.0,12444.012451.0,12454.012452.0,207.012452.0,12451.012453.0,12445.012454.0,11153.012454.0,12441.012454.0,12451.012455.0,206.012455.0,12444.012455.0,12454.012456.0,206.012456.0,12448.012457.0,45.012457.0,12462.012457.0,12466.012458.0,45.012458.0,12469.012458.0,12484.012459.0,49.012459.0,12464.012460.0,47.012460.0,12474.012460.0,12481.012461.0,47.012461.0,12460.012462.0,12375.012462.0,12467.012463.0,47.012463.0,12494.012464.0,49.012464.0,12377.012465.0,49.012465.0,12470.012466.0,45.012466.0,12457.012466.0,12458.012467.0,3337.012467.0,12462.012467.0,12466.012468.0,12487.012469.0,45.012469.0,12457.012469.0,12458.012470.0,12480.012471.0,12468.012472.0,10629.012473.0,3429.012473.0,10610.012473.0,12479.012474.0,12475.012475.0,12459.012475.0,12480.012476.0,12479.012477.0,1094.012477.0,12485.012478.0,12473.012478.0,12477.012479.0,11632.012479.0,12478.012480.0,10615.012480.0,12482.012481.0,47.012481.0,12460.012481.0,12463.012482.0,12474.012482.0,12481.012483.0,45.012483.0,12469.012483.0,12484.012484.0,12483.012484.0,12489.012485.0,12473.012485.0,12477.012486.0,12472.012487.0,3510.012487.0,12490.012488.0,12486.012488.0,12487.012489.0,12346.012489.0,12488.012490.0,12483.012490.0,12489.012491.0,47.012491.0,12461.012491.0,12494.012492.0,11015.012492.0,12491.012493.0,12485.012493.0,12492.012494.0,12493.012495.0,467.012495.0,12121.012496.0,12497.012497.0,12121.012498.0,11648.012499.0,40.012499.0,11066.012499.0,12501.012500.0,40.012500.0,10631.012500.0,12499.012501.0,40.012501.0,10628.012501.0,12508.012502.0,12503.012502.0,12680.012502.0,12966.012503.0,12502.012503.0,12510.012504.0,12509.012505.0,12500.012505.0,12507.012506.0,12505.012507.0,12504.012508.0,12500.012508.0,12507.012509.0,12502.012510.0,12506.012511.0,40.012511.0,12508.012512.0,11854.012513.0,12514.012513.0,12525.012514.0,12521.012514.0,12526.012515.0,7.012515.0,11712.012516.0,16.012516.0,12532.012517.0,11739.012518.0,12524.012519.0,12534.012520.0,18.012520.0,11166.012520.0,12536.012521.0,18.012521.0,12520.012522.0,14.012522.0,12517.012523.0,11579.012523.0,12512.012523.0,12524.012524.0,9785.012524.0,11625.012524.0,12523.012525.0,12513.012525.0,12914.012526.0,12514.012526.0,12525.012527.0,20.012527.0,12541.012527.0,12849.012528.0,105.012528.0,12530.012528.0,12542.012529.0,16.012529.0,12538.012529.0,12543.012530.0,105.012530.0,12528.012530.0,12552.012531.0,12533.012531.0,12534.012532.0,16.012532.0,12519.012532.0,12540.012533.0,12527.012533.0,12531.012534.0,12516.012534.0,12533.012534.0,12603.012535.0,11550.012535.0,12557.012536.0,11160.012536.0,12537.012536.0,12539.012537.0,12526.012537.0,12536.012538.0,12529.012538.0,12645.012539.0,11282.012539.0,12544.012540.0,16.012540.0,12537.012540.0,12539.012541.0,12527.012541.0,12531.012542.0,11551.012543.0,16.012543.0,12532.012543.0,12540.012544.0,12538.012544.0,12543.012545.0,12554.012545.0,12556.012546.0,104.012546.0,107.012546.0,12545.012547.0,12546.012547.0,12553.012548.0,12554.012549.0,12530.012550.0,12528.012550.0,12552.012551.0,12548.012552.0,12551.012552.0,12556.012553.0,107.012553.0,12547.012553.0,12582.012554.0,12545.012554.0,12553.012555.0,10759.012555.0,12550.012556.0,3374.012556.0,12555.012557.0,12542.012557.0,12549.012558.0,12535.012559.0,12652.012560.0,12571.012561.0,12562.012561.0,12597.012562.0,12561.012562.0,12574.012563.0,12562.012564.0,22.012564.0,12568.012565.0,12563.012565.0,12597.012566.0,12565.012567.0,12571.012567.0,12855.012568.0,22.012568.0,12576.012568.0,12577.012569.0,12570.012569.0,12576.012570.0,12567.012570.0,12589.012571.0,11102.012571.0,12569.012572.0,9773.012572.0,12601.012573.0,12300.012573.0,12572.012574.0,12573.012574.0,12600.012575.0,22.012575.0,12568.012576.0,22.012576.0,1095.012577.0,22.012577.0,12570.012578.0,12579.012578.0,12586.012579.0,12575.012579.0,12586.012580.0,12583.012580.0,12584.012581.0,12595.012582.0,12583.012583.0,107.012583.0,12580.012583.0,12637.012584.0,12635.012585.0,12581.012585.0,12604.012586.0,12585.012587.0,12592.012587.0,12593.012587.0,12628.012588.0,12547.012588.0,12582.012589.0,12592.012590.0,12594.012591.0,12587.012592.0,12567.012592.0,12591.012593.0,12243.012594.0,12564.012594.0,12592.012594.0,12595.012595.0,12594.012595.0,12922.012596.0,23.012596.0,12613.012596.0,12619.012597.0,12596.012597.0,12605.012598.0,12614.012599.0,12610.012600.0,12561.012600.0,12574.012601.0,12607.012601.0,12618.012602.0,12534.012603.0,12610.012604.0,11325.012604.0,12606.012605.0,12578.012606.0,23.012606.0,12605.012607.0,12611.012607.0,12621.012608.0,23.012608.0,12604.012609.0,12613.012610.0,3728.012610.0,10156.012610.0,12602.012610.0,12614.012611.0,12612.012611.0,12622.012612.0,7847.012612.0,11322.012612.0,12613.012613.0,12612.012613.0,12620.012613.0,12622.012614.0,21.012614.0,12610.012614.0,12615.012614.0,12616.012615.0,21.012615.0,12614.012615.0,12617.012616.0,21.012616.0,12614.012616.0,12617.012617.0,21.012617.0,11350.012617.0,12616.012617.0,12917.012618.0,12573.012618.0,12600.012619.0,23.012619.0,12606.012619.0,12608.012620.0,23.012620.0,12619.012621.0,12607.012621.0,12618.012622.0,12611.012622.0,12621.012623.0,12243.012623.0,12628.012624.0,12623.012624.0,12631.012625.0,1064.012627.0,10145.012627.0,12626.012627.0,12628.012628.0,12587.012628.0,12627.012629.0,12623.012629.0,12631.012630.0,11351.012630.0,12625.012630.0,12629.012631.0,12629.012631.0,12630.012632.0,122.012632.0,12643.012632.0,12831.012633.0,12580.012634.0,12588.012635.0,12647.012636.0,107.012636.0,12642.012636.0,12646.012637.0,107.012637.0,12636.012638.0,118.012638.0,3331.012638.0,12269.012638.0,12640.012639.0,12642.012639.0,12646.012640.0,118.012640.0,11855.012640.0,12638.012640.0,12649.012641.0,10901.012641.0,12634.012641.0,12651.012642.0,12558.012642.0,12652.012643.0,12632.012643.0,12641.012644.0,17.012644.0,11107.012644.0,11743.012644.0,12648.012645.0,17.012645.0,12644.012646.0,12633.012646.0,12636.012647.0,12651.012648.0,17.012648.0,12653.012649.0,11857.012649.0,12639.012650.0,10227.012650.0,12632.012651.0,122.012651.0,10228.012651.0,12641.012651.0,12650.012652.0,12638.012652.0,12649.012653.0,12529.012654.0,3308.012654.0,12102.012655.0,10424.012655.0,12657.012656.0,12670.012657.0,3454.012657.0,10429.012658.0,10176.012658.0,12656.012658.0,12661.012659.0,161.012659.0,3453.012659.0,3867.012659.0,12669.012660.0,3490.012660.0,12667.012661.0,10394.012661.0,12658.012662.0,163.012662.0,12659.012662.0,12666.012662.0,12670.012663.0,12662.012664.0,163.012664.0,10266.012664.0,12665.012664.0,12668.012665.0,163.012665.0,12662.012665.0,12664.012666.0,163.012666.0,12665.012667.0,3490.012667.0,12668.012668.0,12664.012668.0,12665.012668.0,12667.012669.0,161.012669.0,12663.012670.0,163.012670.0,12662.012670.0,12671.012671.0,12658.012672.0,12678.012672.0,12686.012673.0,11252.012673.0,11304.012673.0,12674.012674.0,12673.012674.0,12912.012675.0,12684.012675.0,12688.012676.0,12687.012677.0,12681.012677.0,12692.012678.0,12677.012679.0,11269.012679.0,12683.012680.0,12679.012680.0,12689.012681.0,12676.012681.0,12677.012682.0,12503.012682.0,12680.012683.0,10296.012683.0,12682.012684.0,12675.012684.0,12681.012685.0,4.012685.0,12818.012686.0,11252.012686.0,12674.012687.0,12686.012688.0,12679.012688.0,12689.012689.0,12684.012690.0,4.012690.0,12863.012691.0,12675.012692.0,12691.012693.0,12700.012694.0,478.012694.0,12724.012695.0,12289.012696.0,12698.012697.0,478.012697.0,11502.012697.0,12150.012697.0,12700.012698.0,12697.012699.0,12695.012700.0,12694.012700.0,12697.012700.0,12699.012701.0,3396.012702.0,3436.012702.0,12738.012703.0,12701.012703.0,12720.012704.0,12101.012704.0,12737.012705.0,138.012705.0,12731.012706.0,11609.012706.0,12705.012707.0,11605.012707.0,12710.012708.0,11878.012708.0,12723.012709.0,12708.012709.0,12726.012710.0,12706.012711.0,12733.012712.0,12807.012713.0,10223.012713.0,12719.012714.0,12713.012715.0,12721.012716.0,12709.012717.0,139.012717.0,12728.012717.0,12733.012718.0,11803.012718.0,12712.012718.0,12713.012719.0,10221.012719.0,12718.012720.0,12702.012720.0,12703.012721.0,12720.012722.0,3843.012722.0,12717.012723.0,11875.012723.0,12708.012723.0,12727.012724.0,478.012724.0,12700.012724.0,12725.012725.0,478.012725.0,12724.012725.0,12729.012726.0,12704.012726.0,12709.012727.0,12726.012728.0,12739.012729.0,478.012729.0,10593.012729.0,12725.012730.0,12729.012731.0,11385.012731.0,12734.012732.0,12272.012732.0,12722.012733.0,10808.012733.0,12732.012734.0,12740.012735.0,12703.012736.0,12735.012736.0,12738.012737.0,12101.012737.0,12736.012738.0,3436.012738.0,12716.012738.0,12737.012739.0,138.012739.0,12707.012740.0,138.012740.0,12711.012740.0,12739.012741.0,468.012741.0,12753.012741.0,12767.012742.0,12744.012743.0,10313.012743.0,12745.012744.0,12754.012745.0,12750.012746.0,12765.012747.0,10325.012747.0,12746.012748.0,12761.012749.0,12747.012750.0,3309.012750.0,12749.012751.0,468.012751.0,12753.012751.0,12767.012752.0,468.012752.0,12751.012752.0,12758.012753.0,468.012753.0,12763.012754.0,12748.012755.0,12752.012756.0,12755.012756.0,12759.012757.0,12751.012758.0,12908.012758.0,12940.012759.0,10688.012759.0,12044.012760.0,12044.012760.0,12759.012761.0,12741.012761.0,12763.012762.0,11630.012763.0,12761.012763.0,12762.012764.0,12743.012765.0,10317.012765.0,12764.012766.0,12752.012766.0,12760.012767.0,468.012767.0,12495.012767.0,12766.012768.0,12774.012768.0,12778.012769.0,10899.012769.0,12773.012770.0,12768.012771.0,11070.012771.0,12769.012771.0,12770.012772.0,108.012772.0,11071.012772.0,12771.012773.0,108.012773.0,12785.012774.0,12768.012774.0,12769.012775.0,10902.012775.0,12774.012775.0,12778.012776.0,12794.012777.0,26.012777.0,11324.012777.0,12240.012777.0,12792.012777.0,12916.012778.0,11076.012778.0,12775.012778.0,12833.012779.0,12804.012780.0,26.012780.0,12777.012781.0,12776.012782.0,12779.012782.0,12790.012783.0,12789.012784.0,108.012784.0,11071.012784.0,12772.012785.0,12827.012786.0,194.012786.0,12781.012786.0,12788.012787.0,194.012787.0,11763.012787.0,12786.012788.0,194.012788.0,11171.012788.0,12782.012788.0,12787.012789.0,194.012789.0,12788.012790.0,10969.012790.0,12782.012790.0,12787.012791.0,12790.012792.0,11087.012792.0,12609.012792.0,12777.012793.0,203.012793.0,10993.012793.0,12797.012793.0,12803.012794.0,12820.012795.0,3258.012795.0,12806.012796.0,12306.012796.0,12800.012797.0,203.012797.0,12805.012798.0,464.012798.0,11243.012799.0,4.012799.0,12690.012800.0,4.012800.0,12799.012801.0,37.012801.0,12819.012801.0,12869.012802.0,203.012802.0,12793.012802.0,12813.012803.0,11151.012803.0,12802.012804.0,11151.012804.0,12803.012804.0,12805.012805.0,12791.012805.0,12804.012806.0,11795.012806.0,12821.012807.0,11795.012807.0,12806.012808.0,464.012808.0,11213.012808.0,12798.012808.0,12809.012809.0,464.012809.0,11047.012809.0,12808.012809.0,12811.012810.0,12808.012811.0,11051.012812.0,10993.012812.0,12814.012813.0,11610.012813.0,12814.012814.0,12793.012814.0,12813.012815.0,37.012815.0,11065.012815.0,12801.012816.0,10625.012816.0,12815.012817.0,11271.012817.0,12306.012818.0,12817.012819.0,12816.012819.0,12871.012820.0,11770.012820.0,12795.012821.0,12783.012821.0,12820.012822.0,12832.012823.0,10897.012823.0,12822.012824.0,12823.012825.0,10964.012825.0,12824.012826.0,3536.012826.0,10222.012827.0,12825.012828.0,12784.012828.0,12827.012829.0,12828.012830.0,10225.012830.0,12829.012831.0,12830.012832.0,12643.012832.0,12831.012833.0,12839.012833.0,12850.012834.0,12844.012835.0,10960.012835.0,12834.012836.0,12826.012837.0,12835.012837.0,12842.012838.0,12841.012838.0,12853.012839.0,10959.012839.0,12775.012839.0,12833.012840.0,12850.012841.0,11184.012841.0,12835.012841.0,12842.012842.0,12841.012842.0,12853.012843.0,12839.012844.0,12843.012845.0,218.012845.0,12851.012845.0,12892.012846.0,12838.012847.0,11185.012847.0,12846.012848.0,218.012848.0,11794.012848.0,12836.012849.0,12847.012850.0,12837.012851.0,218.012851.0,12231.012852.0,12560.012852.0,12855.012853.0,12852.012854.0,20.012854.0,10152.012854.0,12857.012855.0,12854.012856.0,12541.012856.0,12849.012857.0,20.012857.0,12856.012858.0,3261.012858.0,12861.012859.0,11315.012859.0,12870.012860.0,12796.012860.0,12866.012861.0,10275.012862.0,12816.012862.0,12871.012863.0,12685.012863.0,12868.012864.0,12865.012865.0,3259.012866.0,11306.012866.0,12859.012867.0,7177.012867.0,12863.012867.0,12868.012868.0,873.012868.0,12867.012868.0,12893.012869.0,12860.012869.0,12866.012870.0,12819.012870.0,12869.012871.0,36.012871.0,11272.012871.0,12913.012872.0,223.012872.0,11192.012873.0,226.012873.0,10849.012873.0,12176.012874.0,12882.012875.0,226.012875.0,12873.012876.0,226.012876.0,12873.012877.0,12424.012877.0,12430.012878.0,12179.012878.0,12190.012879.0,223.012879.0,12878.012880.0,12881.012881.0,12423.012882.0,12883.012883.0,12885.012884.0,12018.012885.0,10849.012885.0,12875.012885.0,12884.012886.0,12191.012886.0,12205.012887.0,12872.012888.0,12878.012888.0,12887.012889.0,11192.012889.0,12879.012890.0,12891.012891.0,1060.012891.0,10101.012892.0,12898.012893.0,12867.012894.0,216.012894.0,11157.012894.0,11780.012895.0,216.012895.0,12897.012896.0,11777.012896.0,12895.012897.0,11794.012897.0,12836.012898.0,216.012898.0,11156.012898.0,12890.012899.0,12144.012899.0,12904.012900.0,12934.012901.0,12909.012902.0,12901.012902.0,12906.012903.0,10884.012903.0,12899.012904.0,12907.012904.0,12909.012905.0,12936.012905.0,12940.012906.0,12380.012907.0,10270.012907.0,12906.012908.0,12936.012909.0,11931.012909.0,12903.012910.0,26.012910.0,12777.012911.0,12910.012911.0,12925.012912.0,36.012912.0,12862.012913.0,36.012913.0,12912.012913.0,12918.012914.0,12917.012915.0,26.012915.0,12925.012916.0,26.012916.0,12915.012917.0,12617.012917.0,12919.012917.0,12923.012918.0,36.012918.0,12673.012919.0,12513.012919.0,12914.012920.0,873.012920.0,12919.012920.0,12923.012921.0,12241.012921.0,12927.012922.0,12911.012922.0,12921.012923.0,12920.012924.0,12241.012924.0,12921.012925.0,12911.012925.0,12924.012926.0,12594.012926.0,12922.012927.0,12242.012927.0,12926.012928.0,12049.012928.0,12933.012929.0,11513.012929.0,12026.012930.0,12931.012931.0,10591.012932.0,10689.012932.0,12905.012933.0,12932.012934.0,12948.012935.0,3379.012935.0,10873.012936.0,12937.012937.0,12379.012938.0,12939.012938.0,12942.012939.0,3268.012940.0,12947.012941.0,10789.012941.0,12939.012941.0,12942.012942.0,10658.012942.0,10744.012942.0,12941.012943.0,12944.012944.0,12757.012944.0,12900.012945.0,12943.012945.0,12947.012946.0,11645.012946.0,12945.012947.0,3380.012947.0,12946.012948.0,11509.012948.0,12931.012949.0,486.012949.0,12951.012950.0,12933.012951.0,3185.012952.0,10528.012952.0,12147.012953.0,12954.012954.0,12958.012955.0,486.012955.0,11921.012955.0,12953.012956.0,12957.012957.0,1070.012957.0,12949.012958.0,12952.012959.0,3271.012960.0,12904.012961.0,12963.012962.0,128.012962.0,3261.012962.0,12865.012963.0,10530.012963.0,10836.012964.0,12962.012965.0,12961.012966.0,10296.012966.0,10298.012966.0,11251.012966.0,11269.012966.0,12502.012967.0,3890.012967.0,3894.012967.0,3899.012967.0,3903.012967.0,10260.012968.0,3889.012968.0,3892.012968.0,3895.012968.0,3896.012968.0,11437.012969.0,1046.012969.0,8273.012969.0,8276.012969.0,8278.012969.0,8765.012970.0,8439.012970.0,8440.012970.0,8696.012970.0,8697.012970.0,8698.012971.0,10299.012971.0,10302.012971.0,10303.012971.0,10304.012971.0,11884.012972.0,1068.012972.0,10507.012972.0,10509.012972.0,10510.012972.0,10511.012973.0,957.012973.0,4120.012973.0,4123.012973.0,5029.012973.0,5062.012974.0,4904.012974.0,4905.012974.0,4926.012974.0,5418.012974.0,5419.012975.0,3804.012975.0,5247.012975.0,5314.012975.0,5470.012975.0,5472.012976.0,4784.012976.0,4951.012976.0,4952.012976.0,4953.012976.0,4956.012977.0,1002.012977.0,6116.012977.0,6173.012977.0,6174.012977.0,6175.012978.0,5623.012978.0,5624.012978.0,5744.012978.0,5872.012978.0,5874.012979.0,6013.012979.0,6014.012979.0,6015.012979.0,6122.012979.0,6123.012980.0,993.012980.0,994.012980.0,5698.012980.0,5703.012980.0,5711.012981.0,4474.012981.0,4523.012981.0,6771.012981.0,6776.012981.0,6777.0